YEAR ANTCO2 ANTCH4 ANTN2O ANTCO2EQ ABLCO2 ABLCH4 ABLN2O MACCO2 MACCH4 MACN2O ABCCO2 ABCCH4 ABCN2O CONCO2 CONCH4 CONN2O CONrOH RADCO2 RADCH4 RADN2O RADO3TRP RADHALO RADSF6 RADSO2 RADCRBAER RADAERIND RADTTL T2M pH OCNCO2UP LNDCO2UP DSCCUR HCIO HCML HCAL
2000    8.0900    281.60    6.11   40.64    0.00    0.00    0.00           0.00           0.00           0.00           0.00           0.00           0.00   369.82  1752.10   317.04   1.0000   1.5427   0.4865   0.1556   0.3780   0.3323   0.0024  -0.4530  -0.1132  -0.9060   1.4613   0.7598   8.0816    1.680486    2.594512         1.00            0.000000            0.000000            0.000000
2001    7.9140    285.20    6.19   40.14    0.00    0.00    0.00           0.00           0.00           0.00           0.00           0.00           0.00   371.55  1741.26   317.91   1.0027   1.5675   0.4824   0.1584   0.3772   0.3337   0.0025  -0.4561  -0.1126  -0.9102   1.4777   0.7858   8.0800    1.699150    2.625783         1.07            0.975424            2.267858            0.066819
2002    8.1640    288.70    6.36   41.28    0.00    0.00    0.00           0.00           0.00           0.00           0.00           0.00           0.00   373.29  1733.93   318.80   0.9899   1.5925   0.4797   0.1612   0.3862   0.3348   0.0026  -0.4532  -0.1240  -0.9063   1.5073   0.8116   8.0783    1.725531    2.661078         1.14            0.968531            2.111815            0.074997
2003    8.3210    292.20    6.43   42.04    0.00    0.00    0.00           0.00           0.00           0.00           0.00           0.00           0.00   375.09  1729.15   319.71   0.9981   1.6182   0.4779   0.1641   0.3880   0.3359   0.0027  -0.4691  -0.1207  -0.9275   1.5018   0.8337   8.0765    1.761437    2.707675         1.23            0.961453            1.899953            0.058543
2004    8.8450    295.80    6.59   44.15    0.00    0.00    0.00           0.00           0.00           0.00           0.00           0.00           0.00   377.00  1724.64   320.63   1.0060   1.6454   0.4762   0.1670   0.3977   0.3373   0.0028  -0.4911  -0.1208  -0.9562   1.4511   0.8472   8.0747    1.804427    2.773209         1.31            0.926394            1.410177            0.018774
2005    9.1140    299.20    6.69   45.30    0.00    0.00    0.00           0.00           0.00           0.00           0.00           0.00           0.00   379.05  1720.76   321.57   1.0100   1.6743   0.4747   0.1700   0.4033   0.3387   0.0029  -0.5094  -0.1214  -0.9796   1.4327   0.8573   8.0728    1.848283    2.847675         1.40            0.883010            0.985108            0.018855
2006    9.4450    302.80    6.87   46.71    0.00    0.00    0.00           0.00           0.00           0.00           0.00           0.00           0.00   381.18  1718.41   322.53   1.0075   1.7042   0.4738   0.1730   0.4115   0.3401   0.0031  -0.5131  -0.1260  -0.9843   1.4555   0.8694   8.0707    1.890286    2.917453         1.50            0.863313            0.959168            0.037239
2007    9.6420    306.20    6.60   47.39    0.00    0.00    0.00           0.00           0.00           0.00           0.00           0.00           0.00   383.39  1716.45   323.48   1.0217   1.7350   0.4731   0.1760   0.4158   0.3415   0.0032  -0.5098  -0.1208  -0.9801   1.5040   0.8862   8.0686    1.923811    2.975170         1.61            0.871756            1.188562            0.061164
2008    9.3960    309.80    6.64   46.63    0.00    0.00    0.00           0.00           0.00           0.00           0.00           0.00           0.00   385.55  1714.09   324.39   1.0270   1.7650   0.4722   0.1789   0.4128   0.3428   0.0033  -0.4987  -0.1166  -0.9660   1.5618   0.9072   8.0666    1.944230    3.015967         1.72            0.898595            1.484898            0.076653
2009    9.3340    313.30    6.71   46.62    0.00    0.00    0.00           0.00           0.00           0.00           0.00           0.00           0.00   387.62  1713.54   325.30   1.0186   1.7935   0.4720   0.1818   0.4054   0.3441   0.0035  -0.4779  -0.1172  -0.9391   1.6320   0.9324   8.0647    1.970471    3.044190         1.84            0.938164            1.787626            0.092058
2010    9.8550    316.80    6.71   48.66    0.00    0.00    0.00           0.00           0.00           0.00           0.00           0.00           0.00   389.76  1715.27   326.22   1.0161   1.8230   0.4726   0.1846   0.4125   0.3455   0.0036  -0.4741  -0.1218  -0.9341   1.6765   0.9582   8.0627    2.013472    3.075109         1.97            0.976016            1.962642            0.085400
2011   10.1630    323.20    6.65   50.04    0.00    0.00    0.00           0.00           0.00           0.00           0.00           0.00           0.00   392.06  1717.62   327.11   1.0276   1.8544   0.4735   0.1874   0.4159   0.3468   0.0038  -0.4788  -0.1158  -0.9403   1.7109   0.9836   8.0606    2.058830    3.115743         2.10            1.001595            1.951930            0.082218
2012   10.3510    329.50    6.74   50.96    0.00    0.00    0.00           0.00           0.00           0.00           0.00           0.00           0.00   394.43  1721.71   328.01   1.0175   1.8866   0.4750   0.1902   0.4182   0.3483   0.0039  -0.4714  -0.1213  -0.9306   1.7617   1.0099   8.0584    2.099463    3.160938         2.25            1.026737            1.985366            0.087393
2013   10.5720    335.90    6.85   51.95    0.00    0.00    0.00           0.00           0.00           0.00           0.00           0.00           0.00   396.87  1728.00   328.91   1.0218   1.9194   0.4774   0.1931   0.4119   0.3495   0.0041  -0.4672  -0.1151  -0.9251   1.8086   1.0372   8.0561    2.140022    3.207992         2.41            1.055729            2.067731            0.091284
2014   10.8080    342.30    6.92   53.13    0.00    0.00    0.00           0.00           0.00           0.00           0.00           0.00           0.00   399.36  1736.56   329.83   1.0084   1.9529   0.4806   0.1959   0.4171   0.3503   0.0043  -0.4646  -0.1231  -0.9216   1.8508   1.0643   8.0539    2.176932    3.246147         2.58            1.081535            2.101785            0.086587
2015   10.6780    348.60    6.94   52.98    0.00    0.00    0.00           0.00           0.00           0.00           0.00           0.00           0.00   401.86  1747.20   330.75   1.0114   1.9861   0.4846   0.1988   0.4160   0.3510   0.0044  -0.4107  -0.1193  -0.8472   2.0211   1.1053   8.0516    2.206268    3.264107         2.76            1.152054            2.630901            0.167797
2016   10.7140    355.00    6.86   53.31    0.00    0.00    0.00           0.00           0.00           0.00           0.00           0.00           0.00   404.31  1758.33   331.65   1.0120   2.0187   0.4888   0.2016   0.4114   0.3516   0.0046  -0.3939  -0.1157  -0.8230   2.0998   1.1482   8.0494    2.233853    3.273502         2.95            1.240107            3.188792            0.146684
2017   10.7490    361.30    6.78   53.64    0.00    0.00    0.00           0.00           0.00           0.00           0.00           0.00           0.00   406.76  1770.14   332.53   1.0125   2.0509   0.4932   0.2043   0.4068   0.3521   0.0047  -0.3770  -0.1120  -0.7981   2.1784   1.1915   8.0472    2.262259    3.283917         3.16            1.301493            3.229801            0.146643
2018   10.7850    367.70    6.70   53.97    0.00    0.00    0.00           0.00           0.00           0.00           0.00           0.00           0.00   409.22  1782.55   333.38   1.0129   2.0830   0.4978   0.2069   0.4024   0.3525   0.0049  -0.3602  -0.1083  -0.7727   2.2573   1.2355   8.0450    2.289688    3.293338         3.38            1.357637            3.294930            0.148346
2019   10.8200    374.10    6.62   54.30    0.00    0.00    0.00           0.00           0.00           0.00           0.00           0.00           0.00   411.67  1795.53   334.21   1.0132   2.1149   0.5027   0.2095   0.3980   0.3529   0.0050  -0.3434  -0.1046  -0.7466   2.3372   1.2803   8.0428    2.316233    3.301471         3.62            1.411617            3.369026            0.151090
2020   10.8560    380.40    6.55   54.62    0.00    0.00    0.00           0.00           0.00           0.00           0.00           0.00           0.00   414.12  1809.01   335.02   1.0134   2.1466   0.5076   0.2120   0.3936   0.3532   0.0052  -0.3266  -0.1009  -0.7199   2.4178   1.3262   8.0407    2.339386    3.308832         3.87            1.464544            3.446839            0.153867
2021   10.7170    383.53    6.46   54.14    0.00    1.00    0.00           0.00           4.58           0.00           0.00           0.01           0.00   416.54  1822.65   335.80   1.0108   2.1777   0.5126   0.2144   0.3877   0.3533   0.0053  -0.3150  -0.0980  -0.7012   2.4819   1.3711   8.0386    2.356203    3.315175         4.14            1.510507            3.454222            0.146179
2022   10.5790    382.57    6.37   53.55    0.00    3.00    0.00           0.00          15.24           0.00           0.00           0.09           0.00   418.88  1835.46   336.56   1.0084   2.2076   0.5173   0.2168   0.3817   0.3530   0.0054  -0.3034  -0.0951  -0.6821   2.5443   1.4153   8.0365    2.368504    3.318291         4.43            1.548118            3.397245            0.143096
2023   10.4410    385.34    6.28   53.06    0.00    4.00    0.00           0.00          21.42           0.00           0.00           0.16           0.00   421.15  1847.46   337.29   1.0061   2.2364   0.5217   0.2190   0.3756   0.3522   0.0056  -0.2919  -0.0922  -0.6627   2.6051   1.4588   8.0346    2.378604    3.316870         4.74            1.582000            3.352838            0.140734
2024   10.3030    391.80    6.20   52.68    0.00    4.07    0.00           0.00          21.85           0.00           0.00           0.17           0.00   423.35  1860.01   337.99   1.0037   2.2643   0.5263   0.2212   0.3695   0.3512   0.0057  -0.2803  -0.0893  -0.6429   2.6654   1.5019   8.0326    2.386686    3.311079         5.07            1.613525            3.317864            0.139251
2025   10.1640    397.27    6.11   52.26    0.00    4.34    0.00           0.00          23.68           0.00           0.00           0.20           0.00   425.49  1873.54   338.68   1.0013   2.2912   0.5312   0.2233   0.3636   0.3498   0.0058  -0.2687  -0.0864  -0.6227   2.7254   1.5446   8.0308    2.392929    3.301226         5.43            1.643680            3.293529            0.138339
2026   10.0260    402.85    6.02   51.85    0.00    4.63    0.00           0.00          25.64           0.00           0.00           0.23           0.00   427.57  1887.80   339.33   0.9987   2.3172   0.5364   0.2253   0.3577   0.3481   0.0059  -0.2571  -0.0835  -0.6021   2.7850   1.5872   8.0290    2.397514    3.287762         5.81            1.672832            3.276161            0.137567
2027    9.8880    408.11    5.93   51.43    0.00    4.94    0.00           0.00          27.80           0.00           0.00           0.27           0.00   429.58  1902.71   339.97   0.9960   2.3423   0.5417   0.2273   0.3519   0.3461   0.0060  -0.2456  -0.0807  -0.5812   2.8441   1.6295   8.0273    2.400582    3.271158         6.21            1.701051            3.261981            0.136877
2028    9.7500    413.38    5.85   51.01    0.00    5.25    0.00           0.00          30.11           0.00           0.00           0.32           0.00   431.54  1918.14   340.58   0.9932   2.3666   0.5472   0.2291   0.3461   0.3438   0.0061  -0.2340  -0.0778  -0.5598   2.9027   1.6717   8.0256    2.402227    3.251814         6.65            1.728410            3.249686            0.136258
2029    9.6110    418.52    5.76   50.59    0.00    5.59    0.00           0.00          32.63           0.00           0.00           0.37           0.00   433.44  1934.03   341.16   0.9904   2.3901   0.5529   0.2309   0.3404   0.3413   0.0062  -0.2224  -0.0749  -0.5380   2.9607   1.7137   8.0240    2.402560    3.230061         7.11            1.754969            3.238599            0.135674
2030    9.4730    423.44    5.67   50.16    0.00    5.94    0.00           0.00          35.37           0.00           0.00           0.43           0.00   435.29  1950.29   341.72   0.9876   2.4128   0.5587   0.2326   0.3347   0.3386   0.0063  -0.2108  -0.0720  -0.5158   3.0183   1.7555   8.0225    2.400491    3.206636         7.61            1.780774            3.228213            0.135117
2031    9.2490    428.54    5.63   49.37    0.00    6.31    0.00           0.00          38.31           0.00           0.00           0.49           0.00   437.07  1967.03   342.27   0.9834   2.4345   0.5646   0.2343   0.3335   0.3356   0.0063  -0.2041  -0.0716  -0.5025   3.0663   1.7962   8.0210    2.394674    3.181819         8.15            1.802555            3.181931            0.128313
2032    9.0240    433.30    5.58   48.57    0.00    6.70    0.00           0.00          41.54           0.00           0.00           0.57           0.00   438.75  1984.33   342.80   0.9792   2.4551   0.5707   0.2359   0.3324   0.3322   0.0064  -0.1973  -0.0712  -0.4891   3.1132   1.8359   8.0196    2.385980    3.154487         8.72            1.819792            3.104625            0.124966
2033    8.8000    438.13    5.54   47.77    0.00    7.10    0.00           0.00          45.01           0.00           0.00           0.66           0.00   440.35  2002.09   343.31   0.9749   2.4745   0.5769   0.2375   0.3313   0.3285   0.0065  -0.1905  -0.0709  -0.4755   3.1589   1.8747   8.0182    2.375558    3.123905         9.33            1.835030            3.039035            0.122186
2034    8.5760    442.65    5.49   46.96    0.00    7.51    0.00           0.00          48.77           0.00           0.00           0.77           0.00   441.87  2020.25   343.81   0.9706   2.4928   0.5833   0.2390   0.3302   0.3245   0.0066  -0.1837  -0.0705  -0.4617   3.2033   1.9127   8.0170    2.363531    3.090303         9.98            1.848773            2.979367            0.119603
2035    8.3510    447.09    5.45   46.15    0.00    7.95    0.00           0.00          52.89           0.00           0.00           0.89           0.00   443.30  2038.70   344.30   0.9663   2.5100   0.5897   0.2405   0.3292   0.3202   0.0066  -0.1769  -0.0701  -0.4477   3.2465   1.9499   8.0158    2.350006    3.053973        10.68            1.861211            2.922791            0.117153
2036    8.1270    451.41    5.41   45.34    0.00    8.40    0.00           0.00          57.33           0.00           0.00           1.02           0.00   444.64  2057.40   344.78   0.9621   2.5262   0.5961   0.2420   0.3282   0.3156   0.0067  -0.1701  -0.0697  -0.4336   3.2884   1.9865   8.0147    2.335111    3.015196        11.42            1.872487            2.868490            0.114825
2037    7.9030    455.59    5.36   44.53    0.00    8.86    0.00           0.00          62.13           0.00           0.00           1.18           0.00   445.91  2076.28   345.24   0.9578   2.5415   0.6026   0.2434   0.3271   0.3108   0.0068  -0.1633  -0.0694  -0.4193   3.3293   2.0224   8.0136    2.318930    2.974231        12.22            1.882719            2.816109            0.112591
2038    7.6780    459.59    5.32   43.70    0.00    9.35    0.00           0.00          67.40           0.00           0.00           1.35           0.00   447.10  2095.28   345.68   0.9535   2.5557   0.6092   0.2447   0.3261   0.3056   0.0068  -0.1566  -0.0690  -0.4047   3.3690   2.0576   8.0127    2.301535    2.931299        13.08            1.891976            2.765132            0.110406
2039    7.4540    463.45    5.27   42.88    0.00    9.85    0.00           0.00          73.11           0.00           0.00           1.55           0.00   448.22  2114.35   346.12   0.9493   2.5690   0.6157   0.2460   0.3250   0.3002   0.0069  -0.1498  -0.0686  -0.3900   3.4076   2.0922   8.0117    2.283025    2.886592        13.99            1.900320            2.715265            0.108285
2040    7.2300    467.07    5.23   42.05    0.00   10.37    0.00           0.00          79.29           0.00           0.00           1.78           0.00   449.26  2133.41   346.54   0.9452   2.5813   0.6221   0.2473   0.3240   0.2946   0.0069  -0.1430  -0.0682  -0.3751   3.4452   2.1261   8.0109    2.263308    2.841119        14.97            1.907799            2.666307            0.106193
2041    6.9970    470.71    5.21   41.28    0.00   10.90    0.00           0.00          86.03           0.00           0.00           2.04           0.00   450.22  2152.46   346.95   0.9409   2.5928   0.6286   0.2486   0.3226   0.2889   0.0070  -0.1396  -0.0678  -0.3675   3.4707   2.1583   8.0101    2.242225    2.796089        16.02            1.910458            2.573290            0.097694
2042    6.7640    474.25    5.19   40.51    0.00   11.45    0.00           0.00          93.39           0.00           0.00           2.33           0.00   451.11  2171.53   347.35   0.9366   2.6032   0.6350   0.2498   0.3213   0.2835   0.0070  -0.1362  -0.0674  -0.3599   3.4955   2.1889   8.0094    2.219913    2.751080        17.14            1.907932            2.448248            0.092869
2043    6.5310    477.55    5.18   39.73    0.00   12.02    0.00           0.00         101.37           0.00           0.00           2.66           0.00   451.91  2190.54   347.75   0.9324   2.6128   0.6413   0.2510   0.3200   0.2782   0.0071  -0.1328  -0.0670  -0.3522   3.5195   2.2182   8.0087    2.196563    2.705177        18.34            1.903904            2.345630            0.088987
2044    6.2980    480.69    5.16   38.94    0.00   12.60    0.00           0.00         110.04           0.00           0.00           3.03           0.00   452.64  2209.46   348.14   0.9282   2.6214   0.6476   0.2522   0.3186   0.2732   0.0071  -0.1294  -0.0666  -0.3445   3.5426   2.2464   8.0081    2.172229    2.658110        19.63            1.899011            2.256080            0.085525
2045    6.0640    483.65    5.14   38.15    0.00   13.20    0.00           0.00         119.50           0.00           0.00           3.45           0.00   453.29  2228.23   348.52   0.9241   2.6291   0.6539   0.2533   0.3172   0.2682   0.0072  -0.1260  -0.0662  -0.3367   3.5646   2.2735   8.0076    2.146966    2.609773        21.00            1.893445            2.174600            0.082342
2046    5.8310    486.44    5.12   37.36    0.00   13.81    0.00           0.00         129.83           0.00           0.00           3.93           0.00   453.87  2246.81   348.89   0.9201   2.6359   0.6600   0.2545   0.3157   0.2635   0.0072  -0.1226  -0.0658  -0.3289   3.5856   2.2997   8.0071    2.120849    2.560136        22.47            1.887327            2.099095            0.079399
2047    5.5980    489.14    5.11   36.57    0.00   14.44    0.00           0.00         141.05           0.00           0.00           4.47           0.00   454.38  2265.18   349.26   0.9161   2.6418   0.6660   0.2556   0.3143   0.2588   0.0072  -0.1192  -0.0654  -0.3210   3.6058   2.3250   8.0067    2.093925    2.509215        24.05            1.880759            2.028638            0.076670
2048    5.3650    491.59    5.09   35.76    0.00   15.08    0.00           0.00         153.26           0.00           0.00           5.07           0.00   454.81  2283.32   349.62   0.9122   2.6469   0.6720   0.2567   0.3127   0.2543   0.0073  -0.1157  -0.0650  -0.3130   3.6252   2.3495   8.0064    2.066222    2.457054        25.73            1.873807            1.962351            0.074083
2049    5.1320    493.95    5.07   34.96    0.00   15.74    0.00           0.00         166.58           0.00           0.00           5.75           0.00   455.17  2301.17   349.97   0.9084   2.6512   0.6778   0.2577   0.3112   0.2500   0.0073  -0.1123  -0.0646  -0.3050   3.6436   2.3732   8.0061    2.037776    2.403710        27.53            1.866477            1.899147            0.071588
2050    4.8990    496.05    5.05   34.15    0.00   16.41    0.00           0.00         181.12           0.00           0.00           6.51           0.00   455.46  2318.72   350.32   0.9046   2.6546   0.6835   0.2588   0.3096   0.2457   0.0074  -0.1089  -0.0642  -0.2969   3.6611   2.3961   8.0059    2.008989    2.349624        29.46            1.858782            1.838465            0.069199
2051    4.6960    497.73    5.05   33.45    0.00   17.09    0.00           0.00         196.96           0.00           0.00           7.36           0.00   455.69  2335.72   350.66   0.9022   2.6572   0.6890   0.2598   0.3097   0.2415   0.0074  -0.1070  -0.0638  -0.2924   3.6744   2.4179   8.0057    1.980336    2.295580        31.52            1.849526            1.766287            0.065038
2052    4.4940    499.40    5.04   32.75    0.00   17.78    0.00           0.00         214.24           0.00           0.00           8.31           0.00   455.86  2351.96   351.00   0.8999   2.6592   0.6942   0.2608   0.3098   0.2375   0.0075  -0.1051  -0.0635  -0.2878   3.6869   2.4388   8.0055    1.951589    2.241872        33.73            1.838548            1.685708            0.061895
2053    4.2910    500.82    5.03   32.04    0.00   18.49    0.00           0.00         233.11           0.00           0.00           9.37           0.00   455.97  2367.48   351.33   0.8977   2.6605   0.6992   0.2618   0.3097   0.2337   0.0075  -0.1032  -0.0631  -0.2832   3.6985   2.4587   8.0054    1.922423    2.188297        36.09            1.826930            1.612589            0.059033
2054    4.0880    502.05    5.02   31.33    0.00   19.21    0.00           0.00         253.75           0.00           0.00          10.57           0.00   456.03  2382.26   351.66   0.8956   2.6612   0.7040   0.2628   0.3096   0.2300   0.0075  -0.1013  -0.0627  -0.2786   3.7093   2.4777   8.0054    1.892841    2.134644        38.61            1.814881            1.544422            0.056394
2055    3.8850    503.12    5.02   30.61    0.00   19.94    0.00           0.00         276.29           0.00           0.00          11.90           0.00   456.03  2396.30   351.98   0.8936   2.6612   0.7084   0.2638   0.3095   0.2264   0.0076  -0.0994  -0.0623  -0.2739   3.7192   2.4959   8.0054    1.862860    2.080772        41.32            1.802487            1.479950            0.053869
2056    3.6820    504.01    5.01   29.89    0.00   20.68    0.00           0.00         300.92           0.00           0.00          13.40           0.00   455.97  2409.61   352.30   0.8917   2.6605   0.7127   0.2647   0.3092   0.2229   0.0076  -0.0975  -0.0619  -0.2693   3.7282   2.5134   8.0054    1.832496    2.026594        44.21            1.789780            1.418219            0.051453
2057    3.4800    504.80    5.00   29.17    0.00   21.43    0.00           0.00         327.85           0.00           0.00          15.07           0.00   455.86  2422.20   352.61   0.8900   2.6592   0.7167   0.2657   0.3089   0.2195   0.0077  -0.0956  -0.0615  -0.2646   3.7364   2.5301   8.0055    1.801754    1.972063        47.30            1.776768            1.358589            0.049087
2058    3.2770    505.34    4.99   28.43    0.00   22.19    0.00           0.00         357.31           0.00           0.00          16.93           0.00   455.70  2434.08   352.92   0.8883   2.6573   0.7204   0.2666   0.3085   0.2163   0.0077  -0.0936  -0.0611  -0.2599   3.7437   2.5460   8.0057    1.770612    1.917143        50.61            1.763453            1.300628            0.046796
2059    3.0740    505.71    4.99   27.70    0.00   22.97    0.00           0.00         389.55           0.00           0.00          19.01           0.00   455.48  2445.22   353.23   0.8867   2.6547   0.7240   0.2675   0.3081   0.2131   0.0077  -0.0917  -0.0607  -0.2552   3.7501   2.5612   8.0058    1.739068    1.861807        54.16            1.749830            1.243977            0.044525
2060    2.8710    505.91    4.98   26.96    0.00   23.75    0.00           0.00         424.81           0.00           0.00          21.32           0.00   455.20  2455.63   353.53   0.8852   2.6515   0.7272   0.2684   0.3075   0.2101   0.0078  -0.0898  -0.0604  -0.2504   3.7556   2.5757   8.0061    1.707621    1.806276        57.95            1.735895            1.188407            0.042315
2061    2.7060    503.98    4.98   26.30    0.00   24.54    0.00           0.00         463.43           0.00           0.00          23.81           0.00   454.88  2464.98   353.82   0.8837   2.6477   0.7302   0.2693   0.3068   0.2071   0.0078  -0.0881  -0.0601  -0.2461   3.7595   2.5895   8.0063    1.676845    1.751121        62.00            1.721350            1.130459            0.039595
2062    2.5410    501.83    4.98   25.63    0.00   25.34    0.00           0.00         505.73           0.00           0.00          26.57           0.00   454.52  2472.97   354.12   0.8823   2.6435   0.7327   0.2702   0.3060   0.2042   0.0078  -0.0863  -0.0598  -0.2417   3.7624   2.6025   8.0066    1.646422    1.696736        66.34            1.706134            1.070494            0.037183
2063    2.3760    499.64    4.98   24.97    0.00   26.15    0.00           0.00         552.05           0.00           0.00          29.64           0.00   454.12  2479.68   354.41   0.8812   2.6388   0.7348   0.2711   0.3050   0.2014   0.0079  -0.0846  -0.0596  -0.2373   3.7645   2.6147   8.0069    1.615933    1.643092        70.99            1.690499            1.012461            0.034849
2064    2.2110    497.25    4.98   24.29    0.00   26.97    0.00           0.00         602.80           0.00           0.00          33.04           0.00   453.69  2485.15   354.70   0.8801   2.6337   0.7365   0.2720   0.3040   0.1987   0.0079  -0.0828  -0.0593  -0.2329   3.7656   2.6262   8.0073    1.585356    1.590018        75.96            1.674484            0.955667            0.032555
2065    2.0460    494.80    4.98   23.62    0.00   27.80    0.00           0.00         658.41           0.00           0.00          36.82           0.00   453.21  2489.44   354.98   0.8792   2.6281   0.7379   0.2728   0.3028   0.1960   0.0079  -0.0811  -0.0590  -0.2284   3.7659   2.6370   8.0077    1.554670    1.537365        81.27            1.658123            0.899979            0.030326
2066    1.8810    492.16    4.98   22.94    0.00   28.63    0.00           0.00         719.41           0.00           0.00          41.01           0.00   452.70  2492.62   355.27   0.8784   2.6221   0.7388   0.2737   0.3016   0.1935   0.0080  -0.0793  -0.0588  -0.2240   3.7653   2.6471   8.0081    1.523860    1.485004        86.96            1.641437            0.845304            0.028123
2067    1.7160    489.47    4.98   22.26    0.00   29.47    0.00           0.00         786.32           0.00           0.00          45.66           0.00   452.15  2494.73   355.55   0.8778   2.6156   0.7395   0.2745   0.3003   0.1910   0.0080  -0.0776  -0.0585  -0.2195   3.7639   2.6565   8.0085    1.492908    1.432830        93.05            1.624454            0.791659            0.025992
2068    1.5510    486.66    4.98   21.58    0.00   30.32    0.00           0.00         859.67           0.00           0.00          50.82           0.00   451.56  2495.81   355.83   0.8773   2.6086   0.7398   0.2754   0.2988   0.1885   0.0080  -0.0758  -0.0582  -0.2150   3.7617   2.6652   8.0090    1.461799    1.380763        99.56            1.607202            0.739099            0.023891
2069    1.3860    483.66    4.98   20.89    0.00   31.17    0.00           0.00         940.14           0.00           0.00          56.52           0.00   450.93  2495.91   356.10   0.8768   2.6012   0.7399   0.2762   0.2973   0.1862   0.0081  -0.0741  -0.0579  -0.2105   3.7586   2.6733   8.0095    1.430519    1.328745       106.53            1.589675            0.687274            0.021811
2070    1.2210    480.60    4.98   20.20    0.00   32.03    0.00           0.00        1028.55           0.00           0.00          62.86           0.00   450.27  2495.06   356.38   0.8765   2.5933   0.7396   0.2770   0.2957   0.1839   0.0081  -0.0723  -0.0577  -0.2060   3.7548   2.6807   8.0101    1.398438    1.276521       113.99            1.571890            0.636258            0.019783
2071    1.0090    477.42    4.99   19.34    0.00   32.90    0.00           0.00        1125.67           0.00           0.00          69.89           0.00   449.55  2493.31   356.65   0.8763   2.5848   0.7391   0.2778   0.2937   0.1816   0.0081  -0.0705  -0.0573  -0.2013   3.7502   2.6875   8.0107    1.364810    1.223474       121.97            1.553853            0.585934            0.017792
2072    0.7970    474.13    5.01   18.48    0.00   33.77    0.00           0.00        1232.22           0.00           0.00          77.68           0.00   448.78  2490.68   356.92   0.8762   2.5756   0.7382   0.2786   0.2917   0.1794   0.0082  -0.0687  -0.0568  -0.1965   3.7446   2.6937   8.0113    1.330030    1.169094       130.51            1.535491            0.535411            0.015712
2073    0.5860    470.72    5.02   17.61    0.00   34.65    0.00           0.00        1349.30           0.00           0.00          86.32           0.00   447.95  2487.21   357.19   0.8762   2.5657   0.7372   0.2794   0.2895   0.1773   0.0082  -0.0668  -0.0564  -0.1917   3.7380   2.6991   8.0120    1.294609    1.113350       139.64            1.516725            0.484010            0.013578
2074    0.3740    467.18    5.03   16.74    0.00   35.53    0.00           0.00        1478.15           0.00           0.00          95.90           0.00   447.06  2482.92   357.47   0.8762   2.5551   0.7358   0.2803   0.2873   0.1752   0.0082  -0.0650  -0.0560  -0.1869   3.7305   2.7039   8.0127    1.258536    1.056409       149.42            1.497534            0.431962            0.011433
2075    0.1620    463.53    5.04   15.87    0.00   36.42    0.00           0.00        1619.74           0.00           0.00         106.53           0.00   446.12  2477.84   357.74   0.8764   2.5439   0.7342   0.2811   0.2850   0.1732   0.0083  -0.0632  -0.0556  -0.1820   3.7220   2.7081   8.0135    1.221833    0.998413       159.88            1.477942            0.379781            0.009305
2076   -0.0490    459.70    5.06   14.99    0.00   37.32    0.00           0.00        1775.46           0.00           0.00         118.29           0.00   445.12  2471.97   358.01   0.8767   2.5319   0.7324   0.2819   0.2827   0.1712   0.0083  -0.0614  -0.0552  -0.1772   3.7126   2.7115   8.0143    1.184519    0.939493       171.07            1.457946            0.327441            0.007146
2077   -0.2610    455.82    5.07   14.11    0.00   38.22    0.00           0.00        1946.88           0.00           0.00         131.36           0.00   444.07  2465.35   358.28   0.8770   2.5193   0.7303   0.2827   0.2803   0.1693   0.0083  -0.0595  -0.0547  -0.1723   3.7022   2.7143   8.0152    1.146578    0.879744       183.04            1.437547            0.274926            0.005003
2078   -0.4730    451.82    5.08   13.23    0.00   39.12    0.00           0.00        2135.42           0.00           0.00         145.84           0.00   442.96  2458.00   358.56   0.8774   2.5060   0.7280   0.2835   0.2778   0.1674   0.0083  -0.0577  -0.0543  -0.1674   3.6910   2.7164   8.0161    1.108026    0.819231       195.85            1.416773            0.222603            0.002880
2079   -0.6840    447.70    5.09   12.34    0.00   40.04    0.00           0.00        2343.24           0.00           0.00         161.93           0.00   441.80  2449.95   358.83   0.8779   2.4920   0.7255   0.2843   0.2753   0.1655   0.0084  -0.0559  -0.0539  -0.1625   3.6788   2.7179   8.0170    1.068880    0.758014       209.56            1.395627            0.170363            0.000743
2080   -0.8960    443.45    5.11   11.45    0.00   40.95    0.00           0.00        2572.20           0.00           0.00         179.78           0.00   440.59  2441.19   359.10   0.8785   2.4774   0.7227   0.2852   0.2727   0.1637   0.0084  -0.0540  -0.0535  -0.1575   3.6657   2.7187   8.0180    1.030098    0.696571       224.23            1.374119            0.118229           -0.001367
2081   -1.0350    438.70    5.14   10.82    0.00   41.87    0.00           0.00        2824.29           0.00           0.00         199.38           0.00   439.35  2431.66   359.38   0.8795   2.4623   0.7197   0.2860   0.2708   0.1619   0.0084  -0.0528  -0.0532  -0.1543   3.6502   2.7186   8.0191    0.992846    0.636000       239.93            1.351714            0.060147           -0.004333
2082   -1.1740    433.77    5.17   10.19    0.00   42.80    0.00           0.00        3102.33           0.00           0.00         221.11           0.00   438.08  2421.25   359.66   0.8805   2.4469   0.7164   0.2868   0.2688   0.1602   0.0084  -0.0516  -0.0528  -0.1510   3.6342   2.7178   8.0201    0.956515    0.577059       256.73            1.328452           -0.001186           -0.006682
2083   -1.3130    428.74    5.21    9.55    0.00   43.73    0.00           0.00        3409.23           0.00           0.00         245.24           0.00   436.80  2410.00   359.94   0.8817   2.4312   0.7128   0.2877   0.2668   0.1585   0.0085  -0.0504  -0.0525  -0.1477   3.6175   2.7163   8.0212    0.920279    0.519679       274.70            1.304950           -0.057536           -0.008840
2084   -1.4520    423.55    5.24    8.91    0.00   44.66    0.00           0.00        3747.89           0.00           0.00         271.97           0.00   435.49  2397.92   360.23   0.8829   2.4152   0.7090   0.2885   0.2647   0.1568   0.0085  -0.0492  -0.0522  -0.1444   3.6002   2.7141   8.0223    0.884104    0.463526       293.93            1.281314           -0.110672           -0.010880
2085   -1.5910    418.31    5.27    8.27    0.00   45.60    0.00           0.00        4121.54           0.00           0.00         301.67           0.00   434.16  2385.04   360.53   0.8843   2.3988   0.7049   0.2894   0.2625   0.1552   0.0085  -0.0480  -0.0519  -0.1411   3.5823   2.7113   8.0234    0.847959    0.408315       314.50            1.257590           -0.161411           -0.012827
2086   -1.7300    413.02    5.31    7.62    0.00   46.55    0.00           0.00        4534.31           0.00           0.00         334.70           0.00   432.80  2371.43   360.82   0.8857   2.3822   0.7005   0.2903   0.2603   0.1536   0.0085  -0.0468  -0.0516  -0.1377   3.5638   2.7079   8.0246    0.811802    0.353814       336.52            1.233796           -0.210280           -0.014715
2087   -1.8700    407.57    5.34    6.97    0.00   47.50    0.00           0.00        4990.60           0.00           0.00         371.36           0.00   431.43  2357.09   361.12   0.8873   2.3652   0.6959   0.2912   0.2579   0.1520   0.0086  -0.0456  -0.0512  -0.1344   3.5447   2.7038   8.0257    0.775606    0.299836       360.07            1.209936           -0.257687           -0.016551
2088   -2.0090    402.01    5.37    6.32    0.00   48.45    0.00           0.00        5494.96           0.00           0.00         412.09           0.00   430.03  2342.05   361.43   0.8890   2.3478   0.6911   0.2921   0.2556   0.1505   0.0086  -0.0444  -0.0509  -0.1311   3.5250   2.6992   8.0269    0.739371    0.246251       385.28            1.186003           -0.303946           -0.018356
2089   -2.1480    396.36    5.40    5.67    0.00   49.41    0.00           0.00        6052.38           0.00           0.00         457.34           0.00   428.60  2326.33   361.74   0.8907   2.3301   0.6860   0.2930   0.2531   0.1489   0.0086  -0.0432  -0.0506  -0.1277   3.5047   2.6940   8.0281    0.703077    0.192969       412.25            1.161994           -0.349262           -0.020124
2090   -2.2870    390.54    5.44    5.01    0.00   50.38    0.00           0.00        6669.24           0.00           0.00         507.60           0.00   427.16  2309.93   362.05   0.8926   2.3121   0.6807   0.2939   0.2505   0.1475   0.0086  -0.0420  -0.0503  -0.1244   3.4837   2.6883   8.0294    0.668557    0.140545       441.10            1.137890           -0.393911           -0.021889
2091   -2.2930    384.37    5.43    4.81    0.00   51.35    0.00           0.00        7352.63           0.00           0.00         563.19           0.00   425.72  2292.79   362.37   0.8949   2.2940   0.6751   0.2949   0.2482   0.1460   0.0086  -0.0411  -0.0498  -0.1218   3.4617   2.6820   8.0306    0.638003    0.090664       471.98            1.113553           -0.439522           -0.023772
2092   -2.3000    378.06    5.41    4.60    0.00   52.32    0.00           0.00        8109.06           0.00           0.00         624.90           0.00   424.31  2274.82   362.67   0.8974   2.2763   0.6692   0.2958   0.2457   0.1445   0.0087  -0.0402  -0.0492  -0.1192   3.4398   2.6751   8.0318    0.610218    0.044742       505.02            1.089176           -0.483147           -0.025277
2093   -2.3060    371.61    5.40    4.39    0.00   53.30    0.00           0.00        8947.15           0.00           0.00         693.45           0.00   422.93  2256.05   362.97   0.9000   2.2590   0.6630   0.2967   0.2431   0.1431   0.0087  -0.0393  -0.0487  -0.1167   3.4177   2.6678   8.0330    0.583634    0.002803       540.37            1.065111           -0.521551           -0.026605
2094   -2.3120    365.10    5.39    4.18    0.00   54.28    0.00           0.00        9877.25           0.00           0.00         769.91           0.00   421.58  2236.51   363.27   0.9028   2.2419   0.6566   0.2976   0.2405   0.1417   0.0087  -0.0384  -0.0482  -0.1141   3.3956   2.6600   8.0342    0.558147   -0.035747       578.20            1.041424           -0.556064           -0.027773
2095   -2.3190    358.50    5.38    3.96    0.00   55.27    0.00           0.00       10908.81           0.00           0.00         855.04           0.00   420.26  2216.25   363.56   0.9056   2.2251   0.6499   0.2984   0.2377   0.1403   0.0087  -0.0374  -0.0477  -0.1115   3.3735   2.6519   8.0353    0.533665   -0.071441       618.67            1.018139           -0.587405           -0.028840
2096   -2.3250    351.80    5.37    3.74    0.00   56.27    0.00           0.00       12052.94           0.00           0.00         949.82           0.00   418.96  2195.30   363.85   0.9086   2.2086   0.6429   0.2993   0.2349   0.1390   0.0087  -0.0365  -0.0472  -0.1090   3.3512   2.6434   8.0365    0.510140   -0.104711       661.98            0.995224           -0.616546           -0.029862
2097   -2.3310    344.96    5.35    3.52    0.00   57.26    0.00           0.00       13324.29           0.00           0.00        1055.40           0.00   417.68  2173.67   364.13   0.9117   2.1923   0.6357   0.3001   0.2320   0.1376   0.0088  -0.0356  -0.0467  -0.1064   3.3289   2.6346   8.0376    0.487496   -0.135905       708.31            0.972663           -0.643844           -0.030798
2098   -2.3380    338.06    5.34    3.30    0.00   58.27    0.00           0.00       14737.06           0.00           0.00        1173.29           0.00   416.43  2151.40   364.41   0.9150   2.1763   0.6282   0.3009   0.2290   0.1363   0.0088  -0.0347  -0.0462  -0.1038   3.3065   2.6255   8.0387    0.465656   -0.165300       757.90            0.950443           -0.669527           -0.031704
2099   -2.3440    331.07    5.33    3.08    0.00   59.28    0.00           0.00       16306.32           0.00           0.00        1304.71           0.00   415.20  2128.52   364.68   0.9183   2.1605   0.6205   0.3017   0.2259   0.1350   0.0088  -0.0338  -0.0456  -0.1012   3.2839   2.6161   8.0397    0.444591   -0.193108       810.95            0.928520           -0.694149           -0.032586
2100   -2.3500    323.93    5.32    2.85    0.00   60.29    0.00           0.00       18052.39           0.00           0.00        1451.29           0.00   413.98  2105.04   364.95   0.9218   2.1448   0.6125   0.3025   0.2228   0.1337   0.0088  -0.0329  -0.0451  -0.0986   3.2612   2.6063   8.0408    0.424322   -0.219196       867.72            0.906881           -0.717715           -0.033415
2101   -2.3500    315.61    5.32    2.61    0.00   61.31    0.00           0.00       19995.49           0.00           0.00        1609.44           0.00   412.79  2080.82   365.21   0.9253   2.1294   0.6042   0.3033   0.2204   0.1325   0.0088  -0.0329  -0.0451  -0.0986   3.2352   2.5960   8.0419    0.404866   -0.243243       928.46            0.884325           -0.753592           -0.036206
2102   -2.3500    307.25    5.32    2.38    0.00   62.34    0.00           0.00       22157.24           0.00           0.00        1785.43           0.00   411.62  2055.74   365.47   0.9289   2.1142   0.5956   0.3041   0.2178   0.1312   0.0088  -0.0329  -0.0451  -0.0986   3.2088   2.5851   8.0429    0.386122   -0.265397       993.45            0.860639           -0.799322           -0.037938
2103   -2.3500    298.85    5.32    2.14    0.00   63.37    0.00           0.00       24565.31           0.00           0.00        1981.52           0.00   410.46  2029.87   365.73   0.9326   2.0992   0.5866   0.3048   0.2151   0.1300   0.0089  -0.0329  -0.0451  -0.0986   3.1823   2.5737   8.0439    0.367982   -0.286033      1062.99            0.836816           -0.839164           -0.039412
2104   -2.3500    290.41    5.32    1.91    0.00   64.40    0.00           0.00       27248.27           0.00           0.00        2200.03           0.00   409.32  2003.27   365.98   0.9366   2.0844   0.5774   0.3056   0.2124   0.1288   0.0089  -0.0329  -0.0451  -0.0986   3.1555   2.5619   8.0449    0.350408   -0.305371      1137.40            0.813040           -0.875267           -0.040743
2105   -2.3500    281.93    5.32    1.67    0.00   65.44    0.00           0.00       30238.26           0.00           0.00        2443.58           0.00   408.20  1975.99   366.23   0.9407   2.0698   0.5678   0.3063   0.2095   0.1276   0.0089  -0.0329  -0.0451  -0.0986   3.1284   2.5496   8.0459    0.333363   -0.323570      1217.02            0.789376           -0.908741           -0.041979
2106   -2.3500    273.40    5.32    1.43    0.00   66.49    0.00           0.00       33573.45           0.00           0.00        2715.30           0.00   407.10  1948.09   366.49   0.9450   2.0553   0.5579   0.3071   0.2065   0.1264   0.0089  -0.0329  -0.0451  -0.0986   3.1011   2.5370   8.0469    0.316814   -0.340749      1302.21            0.765858           -0.940137           -0.043132
2107   -2.3500    264.84    5.32    1.19    0.00   67.54    0.00           0.00       37293.76           0.00           0.00        3018.42           0.00   406.01  1919.61   366.73   0.9495   2.0410   0.5478   0.3078   0.2034   0.1252   0.0089  -0.0329  -0.0451  -0.0986   3.0736   2.5240   8.0479    0.300729   -0.357000      1393.36            0.742504           -0.969780           -0.044221
2108   -2.3500    256.24    5.32    0.95    0.00   68.59    0.00           0.00       41447.30           0.00           0.00        3356.90           0.00   404.94  1890.61   366.98   0.9541   2.0269   0.5374   0.3085   0.2002   0.1241   0.0089  -0.0329  -0.0451  -0.0986   3.0459   2.5106   8.0488    0.285078   -0.372396      1490.90            0.719323           -0.997948           -0.045257
2109   -2.3500    247.59    5.32    0.71    0.00   69.65    0.00           0.00       46085.01           0.00           0.00        3734.86           0.00   403.88  1861.11   367.22   0.9589   2.0129   0.5267   0.3093   0.1969   0.1230   0.0089  -0.0329  -0.0451  -0.0986   3.0180   2.4969   8.0498    0.269836   -0.387033      1595.26            0.696316           -1.024864           -0.046249
2110   -2.3500    244.74    5.32    0.63    0.00   70.00    0.00           0.00       47726.71           0.00           0.00        3868.67           0.00   402.83  1832.18   367.47   0.9637   1.9991   0.5161   0.3100   0.1936   0.1218   0.0090  -0.0329  -0.0451  -0.0986   2.9904   2.4830   8.0507    0.254986   -0.401100      1706.93            0.673664           -1.048634           -0.046929
2111   -2.3500    244.74    5.32    0.63    0.00   70.00    0.00           0.00       47726.71           0.00           0.00        3868.67           0.00   401.80  1805.28   367.71   0.9683   1.9854   0.5063   0.3107   0.1905   0.1207   0.0090  -0.0329  -0.0451  -0.0986   2.9638   2.4689   8.0517    0.240519   -0.414855      1826.41            0.651836           -1.064854           -0.047043
2112   -2.3500    244.74    5.32    0.63    0.00   70.00    0.00           0.00       47726.71           0.00           0.00        3868.67           0.00   400.78  1780.75   367.94   0.9725   1.9718   0.4972   0.3114   0.1877   0.1197   0.0090  -0.0329  -0.0451  -0.0986   2.9384   2.4548   8.0526    0.226429   -0.428498      1954.26            0.631242           -1.071557           -0.046737
2113   -2.3500    244.74    5.32    0.63    0.00   70.00    0.00           0.00       47726.71           0.00           0.00        3868.67           0.00   399.77  1758.37   368.18   0.9765   1.9584   0.4888   0.3121   0.1850   0.1186   0.0090  -0.0329  -0.0451  -0.0986   2.9142   2.4407   8.0535    0.212706   -0.442124      2091.06            0.611995           -1.070516           -0.046190
2114   -2.3500    244.74    5.32    0.63    0.00   70.00    0.00           0.00       47726.71           0.00           0.00        3868.67           0.00   398.78  1737.98   368.41   0.9801   1.9451   0.4812   0.3128   0.1825   0.1175   0.0090  -0.0329  -0.0451  -0.0986   2.8910   2.4268   8.0544    0.199338   -0.455760      2237.44            0.594057           -1.063985           -0.045494
2115   -2.3500    244.74    5.32    0.63    0.00   70.00    0.00           0.00       47726.71           0.00           0.00        3868.67           0.00   397.80  1719.39   368.64   0.9835   1.9320   0.4742   0.3134   0.1803   0.1165   0.0090  -0.0329  -0.0451  -0.0986   2.8688   2.4131   8.0553    0.186313   -0.469396      2394.06            0.577343           -1.053555           -0.044705
2116   -2.3500    244.74    5.32    0.63    0.00   70.00    0.00           0.00       47726.71           0.00           0.00        3868.67           0.00   396.83  1702.45   368.87   0.9866   1.9190   0.4677   0.3141   0.1782   0.1155   0.0091  -0.0329  -0.0451  -0.0986   2.8475   2.3996   8.0562    0.173618   -0.483008      2561.64            0.561761           -1.040354           -0.043855
2117   -2.3500    244.74    5.32    0.63    0.00   70.00    0.00           0.00       47726.71           0.00           0.00        3868.67           0.00   395.88  1687.02   369.10   0.9895   1.9061   0.4619   0.3148   0.1763   0.1145   0.0091  -0.0329  -0.0451  -0.0986   2.8270   2.3863   8.0571    0.161240   -0.496568      2740.96            0.547221           -1.025172           -0.042969
2118   -2.3500    244.74    5.32    0.63    0.00   70.00    0.00           0.00       47726.71           0.00           0.00        3868.67           0.00   394.93  1672.97   369.32   0.9922   1.8934   0.4565   0.3154   0.1745   0.1135   0.0091  -0.0329  -0.0451  -0.0986   2.8073   2.3732   8.0579    0.149166   -0.510045      2932.82            0.533635           -1.008590           -0.042061
2119   -2.3500    244.74    5.32    0.63    0.00   70.00    0.00           0.00       47726.71           0.00           0.00        3868.67           0.00   394.00  1660.18   369.55   0.9946   1.8808   0.4516   0.3161   0.1729   0.1125   0.0091  -0.0329  -0.0451  -0.0986   2.7884   2.3604   8.0588    0.137384   -0.523412      3138.12            0.520925           -0.991053           -0.041146
2120   -2.3500    244.74    5.32    0.63    0.00   70.00    0.00           0.00       47726.71           0.00           0.00        3868.67           0.00   393.08  1648.53   369.77   0.9969   1.8683   0.4471   0.3167   0.1715   0.1115   0.0091  -0.0329  -0.0451  -0.0986   2.7701   2.3478   8.0596    0.125882   -0.536646      3357.79            0.509015           -0.972912           -0.040234
2121   -2.3500    244.74    5.32    0.63    0.00   70.00    0.00           0.00       47726.71           0.00           0.00        3868.67           0.00   392.17  1637.94   369.98   0.9989   1.8559   0.4430   0.3174   0.1701   0.1105   0.0091  -0.0329  -0.0451  -0.0986   2.7524   2.3355   8.0605    0.114648   -0.549724      3592.83            0.497839           -0.954441           -0.039331
2122   -2.3500    244.74    5.32    0.63    0.00   70.00    0.00           0.00       47726.71           0.00           0.00        3868.67           0.00   391.28  1628.29   370.20   1.0008   1.8437   0.4392   0.3180   0.1689   0.1096   0.0092  -0.0329  -0.0451  -0.0986   2.7354   2.3235   8.0613    0.103670   -0.562629      3844.33            0.487331           -0.935859           -0.038445
2123   -2.3500    244.74    5.32    0.63    0.00   70.00    0.00           0.00       47726.71           0.00           0.00        3868.67           0.00   390.39  1619.52   370.42   1.0025   1.8316   0.4358   0.3187   0.1677   0.1087   0.0092  -0.0329  -0.0451  -0.0986   2.7189   2.3117   8.0621    0.092940   -0.575346      4113.44            0.477433           -0.917336           -0.037579
2124   -2.3500    244.74    5.32    0.63    0.00   70.00    0.00           0.00       47726.71           0.00           0.00        3868.67           0.00   389.51  1611.53   370.63   1.0041   1.8196   0.4327   0.3193   0.1667   0.1078   0.0092  -0.0329  -0.0451  -0.0986   2.7029   2.3001   8.0629    0.082445   -0.587861      4401.38            0.468093           -0.899009           -0.036736
2125   -2.3500    244.74    5.32    0.63    0.00   70.00    0.00           0.00       47726.71           0.00           0.00        3868.67           0.00   388.65  1604.27   370.84   1.0056   1.8078   0.4298   0.3199   0.1657   0.1069   0.0092  -0.0329  -0.0451  -0.0986   2.6873   2.2888   8.0637    0.072177   -0.600166      4709.47            0.459260           -0.880982           -0.035920
2126   -2.3500    244.74    5.32    0.63    0.00   70.00    0.00           0.00       47726.71           0.00           0.00        3868.67           0.00   387.80  1597.67   371.05   1.0069   1.7960   0.4272   0.3205   0.1649   0.1060   0.0092  -0.0329  -0.0451  -0.0986   2.6723   2.2778   8.0645    0.062126   -0.612252      5039.13            0.450891           -0.863336           -0.035131
2127   -2.3500    244.74    5.32    0.63    0.00   70.00    0.00           0.00       47726.71           0.00           0.00        3868.67           0.00   386.95  1591.66   371.25   1.0081   1.7844   0.4249   0.3211   0.1641   0.1051   0.0092  -0.0329  -0.0451  -0.0986   2.6576   2.2669   8.0653    0.052283   -0.624112      5391.87            0.442944           -0.846132           -0.034370
2128   -2.3500    244.74    5.32    0.63    0.00   70.00    0.00           0.00       47726.71           0.00           0.00        3868.67           0.00   386.12  1586.20   371.46   1.0092   1.7729   0.4227   0.3217   0.1634   0.1042   0.0092  -0.0329  -0.0451  -0.0986   2.6433   2.2563   8.0661    0.042640   -0.635742      5769.31            0.435382           -0.829414           -0.033638
2129   -2.3500    244.74    5.32    0.63    0.00   70.00    0.00           0.00       47726.71           0.00           0.00        3868.67           0.00   385.30  1581.23   371.66   1.0102   1.7615   0.4208   0.3223   0.1627   0.1034   0.0093  -0.0329  -0.0451  -0.0986   2.6294   2.2459   8.0669    0.033188   -0.647138      6173.16            0.428172           -0.813212           -0.032936
2130   -2.3500    244.74    5.32    0.63    0.00   70.00    0.00           0.00       47726.71           0.00           0.00        3868.67           0.00   384.48  1576.72   371.86   1.0112   1.7502   0.4190   0.3229   0.1621   0.1025   0.0093  -0.0329  -0.0451  -0.0986   2.6159   2.2357   8.0676    0.023920   -0.658298      6605.28            0.421282           -0.797548           -0.032262
2131   -2.3500    244.74    5.32    0.63    0.00   70.00    0.00           0.00       47726.71           0.00           0.00        3868.67           0.00   383.68  1572.61   372.06   1.0120   1.7391   0.4174   0.3235   0.1615   0.1017   0.0093  -0.0329  -0.0451  -0.0986   2.6026   2.2257   8.0684    0.014829   -0.669219      7067.65            0.414684           -0.782432           -0.031617
2132   -2.3500    244.74    5.32    0.63    0.00   70.00    0.00           0.00       47726.71           0.00           0.00        3868.67           0.00   382.89  1568.88   372.26   1.0128   1.7280   0.4159   0.3241   0.1611   0.1009   0.0093  -0.0329  -0.0451  -0.0986   2.5897   2.2158   8.0691    0.005907   -0.679902      7562.38            0.408354           -0.767868           -0.030999
2133   -2.3500    244.74    5.32    0.63    0.00   70.00    0.00           0.00       47726.71           0.00           0.00        3868.67           0.00   382.10  1565.49   372.46   1.0135   1.7170   0.4145   0.3246   0.1606   0.1001   0.0093  -0.0329  -0.0451  -0.0986   2.5770   2.2062   8.0699   -0.002853   -0.690345      8091.75            0.402269           -0.753856           -0.030408
2134   -2.3500    244.74    5.32    0.63    0.00   70.00    0.00           0.00       47726.71           0.00           0.00        3868.67           0.00   381.32  1562.41   372.65   1.0141   1.7062   0.4133   0.3252   0.1602   0.0993   0.0093  -0.0329  -0.0451  -0.0986   2.5646   2.1967   8.0706   -0.011456   -0.700551      8658.17            0.396406           -0.740388           -0.029843
2135   -2.3500    244.74    5.32    0.63    0.00   70.00    0.00           0.00       47726.71           0.00           0.00        3868.67           0.00   380.56  1559.60   372.84   1.0147   1.6954   0.4122   0.3258   0.1598   0.0985   0.0094  -0.0329  -0.0451  -0.0986   2.5524   2.1874   8.0713   -0.019909   -0.710519      9264.24            0.390749           -0.727455           -0.029303
2136   -2.3500    244.74    5.32    0.63    0.00   70.00    0.00           0.00       47726.71           0.00           0.00        3868.67           0.00   379.80  1557.06   373.03   1.0152   1.6848   0.4112   0.3263   0.1595   0.0977   0.0094  -0.0329  -0.0451  -0.0986   2.5405   2.1783   8.0720   -0.028217   -0.720252      9912.74            0.385280           -0.715044           -0.028788
2137   -2.3500    244.74    5.32    0.63    0.00   70.00    0.00           0.00       47726.71           0.00           0.00        3868.67           0.00   379.05  1554.74   373.22   1.0157   1.6742   0.4103   0.3269   0.1591   0.0970   0.0094  -0.0329  -0.0451  -0.0986   2.5288   2.1693   8.0728   -0.036387   -0.729751     10606.63            0.379983           -0.703141           -0.028296
2138   -2.3500    244.74    5.32    0.63    0.00   70.00    0.00           0.00       47726.71           0.00           0.00        3868.67           0.00   378.30  1552.64   373.41   1.0162   1.6637   0.4094   0.3274   0.1589   0.0962   0.0094  -0.0329  -0.0451  -0.0986   2.5173   2.1605   8.0735   -0.044422   -0.739020     11349.10            0.374844           -0.691730           -0.027825
2139   -2.3500    244.74    5.32    0.63    0.00   70.00    0.00           0.00       47726.71           0.00           0.00        3868.67           0.00   377.57  1550.73   373.59   1.0166   1.6534   0.4087   0.3280   0.1586   0.0955   0.0094  -0.0329  -0.0451  -0.0986   2.5060   2.1518   8.0742   -0.052329   -0.748061     12143.53            0.369852           -0.680793           -0.027376
2140   -2.3500    244.74    5.32    0.63    0.00   70.00    0.00           0.00       47726.71           0.00           0.00        3868.67           0.00   376.84  1548.99   373.78   1.0169   1.6431   0.4080   0.3285   0.1584   0.0947   0.0094  -0.0329  -0.0451  -0.0986   2.4949   2.1432   8.0749   -0.060112   -0.756876     12993.58            0.364994           -0.670312           -0.026947
2141   -2.3500    244.74    5.32    0.63    0.00   70.00    0.00           0.00       47726.71           0.00           0.00        3868.67           0.00   376.12  1547.41   373.96   1.0173   1.6329   0.4073   0.3290   0.1582   0.0940   0.0094  -0.0329  -0.0451  -0.0986   2.4839   2.1348   8.0755   -0.067775   -0.765469     13903.13            0.360261           -0.660270           -0.026537
2142   -2.3500    244.74    5.32    0.63    0.00   70.00    0.00           0.00       47726.71           0.00           0.00        3868.67           0.00   375.41  1545.98   374.14   1.0176   1.6228   0.4068   0.3296   0.1580   0.0933   0.0095  -0.0329  -0.0451  -0.0986   2.4731   2.1265   8.0762   -0.075323   -0.773844     14876.35            0.355644           -0.650646           -0.026145
2143   -2.3500    244.74    5.32    0.63    0.00   70.00    0.00           0.00       47726.71           0.00           0.00        3868.67           0.00   374.71  1544.68   374.32   1.0178   1.6128   0.4062   0.3301   0.1578   0.0926   0.0095  -0.0329  -0.0451  -0.0986   2.4625   2.1183   8.0769   -0.082760   -0.782003     15917.70            0.351133           -0.641424           -0.025771
2144   -2.3500    244.74    5.32    0.63    0.00   70.00    0.00           0.00       47726.71           0.00           0.00        3868.67           0.00   374.01  1543.49   374.49   1.0181   1.6028   0.4058   0.3306   0.1576   0.0919   0.0095  -0.0329  -0.0451  -0.0986   2.4520   2.1102   8.0776   -0.090089   -0.789951     17031.93            0.346721           -0.632585           -0.025412
2145   -2.3500    244.74    5.32    0.63    0.00   70.00    0.00           0.00       47726.71           0.00           0.00        3868.67           0.00   373.32  1542.42   374.67   1.0183   1.5930   0.4053   0.3311   0.1575   0.0912   0.0095  -0.0329  -0.0451  -0.0986   2.4417   2.1023   8.0782   -0.097315   -0.797691     18224.17            0.342402           -0.624110           -0.025069
2146   -2.3500    244.74    5.32    0.63    0.00   70.00    0.00           0.00       47726.71           0.00           0.00        3868.67           0.00   372.64  1541.44   374.84   1.0185   1.5832   0.4049   0.3316   0.1573   0.0906   0.0095  -0.0329  -0.0451  -0.0986   2.4315   2.0944   8.0789   -0.104441   -0.805227     19499.86            0.338170           -0.615983           -0.024741
2147   -2.3500    244.74    5.32    0.63    0.00   70.00    0.00           0.00       47726.71           0.00           0.00        3868.67           0.00   371.96  1540.55   375.02   1.0187   1.5735   0.4046   0.3321   0.1572   0.0899   0.0095  -0.0329  -0.0451  -0.0986   2.4214   2.0867   8.0795   -0.111469   -0.812563     20864.85            0.334018           -0.608187           -0.024426
2148   -2.3500    244.74    5.32    0.63    0.00   70.00    0.00           0.00       47726.71           0.00           0.00        3868.67           0.00   371.30  1539.74   375.19   1.0189   1.5639   0.4043   0.3326   0.1571   0.0893   0.0096  -0.0329  -0.0451  -0.0986   2.4114   2.0790   8.0802   -0.118405   -0.819703     22325.39            0.329942           -0.600704           -0.024125
2149   -2.3500    244.74    5.32    0.63    0.00   70.00    0.00           0.00       47726.71           0.00           0.00        3868.67           0.00   370.63  1539.01   375.35   1.0190   1.5544   0.4040   0.3331   0.1570   0.0886   0.0096  -0.0329  -0.0451  -0.0986   2.4016   2.0714   8.0808   -0.125249   -0.826650     23888.17            0.325938           -0.593520           -0.023836
2150   -2.3500    244.74    5.32    0.63    0.00   70.00    0.00           0.00       47726.71           0.00           0.00        3868.67           0.00   369.98  1538.35   375.52   1.0192   1.5449   0.4037   0.3336   0.1569   0.0880   0.0096  -0.0329  -0.0451  -0.0986   2.3919   2.0639   8.0815   -0.132006   -0.833409     25560.34            0.322001           -0.586620           -0.023558
2151   -2.3500    244.74    5.32    0.63    0.00   70.00    0.00           0.00       47726.71           0.00           0.00        3868.67           0.00   369.33  1537.74   375.69   1.0193   1.5356   0.4035   0.3341   0.1568   0.0873   0.0096  -0.0329  -0.0451  -0.0986   2.3822   2.0565   8.0821   -0.138678   -0.839984     27349.57            0.318127           -0.579988           -0.023292
2152   -2.3500    244.74    5.32    0.63    0.00   70.00    0.00           0.00       47726.71           0.00           0.00        3868.67           0.00   368.69  1537.19   375.85   1.0194   1.5263   0.4032   0.3346   0.1568   0.0867   0.0096  -0.0329  -0.0451  -0.0986   2.3727   2.0492   8.0827   -0.145267   -0.846379     29264.04            0.314313           -0.573611           -0.023036
2153   -2.3500    244.74    5.32    0.63    0.00   70.00    0.00           0.00       47726.71           0.00           0.00        3868.67           0.00   368.05  1536.69   376.01   1.0195   1.5170   0.4030   0.3350   0.1567   0.0861   0.0096  -0.0329  -0.0451  -0.0986   2.3633   2.0420   8.0834   -0.151777   -0.852597     31312.52            0.310556           -0.567476           -0.022790
2154   -2.3500    244.74    5.32    0.63    0.00   70.00    0.00           0.00       47726.71           0.00           0.00        3868.67           0.00   367.42  1536.24   376.18   1.0196   1.5079   0.4029   0.3355   0.1566   0.0855   0.0097  -0.0329  -0.0451  -0.0986   2.3540   2.0348   8.0840   -0.158209   -0.858642     33504.39            0.306853           -0.561570           -0.022553
2155   -2.3500    244.74    5.32    0.63    0.00   70.00    0.00           0.00       47726.71           0.00           0.00        3868.67           0.00   366.79  1535.83   376.34   1.0197   1.4988   0.4027   0.3360   0.1566   0.0849   0.0097  -0.0329  -0.0451  -0.0986   2.3447   2.0277   8.0846   -0.164566   -0.864519     35849.70            0.303201           -0.555882           -0.022325
2156   -2.3500    244.74    5.32    0.63    0.00   70.00    0.00           0.00       47726.71           0.00           0.00        3868.67           0.00   366.17  1535.45   376.49   1.0198   1.4897   0.4025   0.3364   0.1565   0.0843   0.0097  -0.0329  -0.0451  -0.0986   2.3356   2.0207   8.0852   -0.170849   -0.870230     38359.18            0.299599           -0.550400           -0.022105
2157   -2.3500    244.74    5.32    0.63    0.00   70.00    0.00           0.00       47726.71           0.00           0.00        3868.67           0.00   365.56  1535.11   376.65   1.0199   1.4808   0.4024   0.3369   0.1565   0.0837   0.0097  -0.0329  -0.0451  -0.0986   2.3265   2.0137   8.0858   -0.177062   -0.875780     41044.32            0.296044           -0.545114           -0.021893
2158   -2.3500    244.74    5.32    0.63    0.00   70.00    0.00           0.00       47726.71           0.00           0.00        3868.67           0.00   364.95  1534.80   376.81   1.0199   1.4719   0.4023   0.3374   0.1564   0.0832   0.0097  -0.0329  -0.0451  -0.0986   2.3175   2.0068   8.0864   -0.183206   -0.881173     43917.43            0.292535           -0.540013           -0.021689
2159   -2.3500    244.74    5.32    0.63    0.00   70.00    0.00           0.00       47726.71           0.00           0.00        3868.67           0.00   364.35  1534.52   376.96   1.0200   1.4631   0.4022   0.3378   0.1564   0.0826   0.0097  -0.0329  -0.0451  -0.0986   2.3086   2.0000   8.0870   -0.189279   -0.886467     46991.65            0.289069           -0.535089           -0.021491
2160   -2.3500    252.90    5.32    0.86    0.00   69.00    0.00           0.00       43180.77           0.00           0.00        3498.17           0.00   363.75  1535.68   377.11   1.0197   1.4543   0.4026   0.3382   0.1566   0.0820   0.0097  -0.0329  -0.0451  -0.0986   2.3006   1.9933   8.0876   -0.195265   -0.891902     50281.06            0.285930           -0.527102           -0.020870
2161   -2.3500    269.21    5.32    1.31    0.00   67.00    0.00           0.00       35345.52           0.00           0.00        2859.68           0.00   363.15  1540.99   377.26   1.0186   1.4456   0.4048   0.3387   0.1573   0.0815   0.0098  -0.0329  -0.0451  -0.0986   2.2949   1.9870   8.0882   -0.201131   -0.897937     53800.73            0.283987           -0.507485           -0.019226
2162   -2.3500    293.69    5.32    2.00    0.00   64.00    0.00           0.00       26173.32           0.00           0.00        2112.48           0.00   362.57  1552.90   377.41   1.0161   1.4369   0.4095   0.3391   0.1589   0.0809   0.0098  -0.0329  -0.0451  -0.0986   2.2929   1.9813   8.0887   -0.206828   -0.905132     57566.79            0.284416           -0.467563           -0.016303
2163   -2.3500    326.32    5.32    2.91    0.00   60.00    0.00           0.00       17530.14           0.00           0.00        1408.79           0.00   361.99  1573.65   377.56   1.0118   1.4284   0.4178   0.3396   0.1617   0.0804   0.0098  -0.0329  -0.0451  -0.0986   2.2958   1.9767   8.0893   -0.212301   -0.914042     61596.46            0.288341           -0.402046           -0.011994
2164   -2.3500    367.11    5.32    4.06    0.00   55.00    0.00           0.00       10615.43           0.00           0.00         846.46           0.00   361.41  1605.28   377.71   1.0054   1.4199   0.4302   0.3400   0.1659   0.0799   0.0098  -0.0329  -0.0451  -0.0986   2.3045   1.9735   8.0899   -0.217497   -0.925062     65908.21            0.296744           -0.308158           -0.006295
2165   -2.3500    401.76    5.32    5.03    0.00   50.75    0.00           0.00        6926.65           0.00           0.00         547.04           0.00   360.85  1647.16   377.86   0.9971   1.4116   0.4465   0.3404   0.1713   0.0793   0.0098  -0.0329  -0.0451  -0.0986   2.3185   1.9719   8.0904   -0.222388   -0.938180     70521.79            0.309937           -0.190543           -0.000001
2166   -2.3500    428.26    5.32    5.77    0.00   47.50    0.00           0.00        4993.83           0.00           0.00         390.52           0.00   360.29  1695.91   378.00   0.9879   1.4033   0.4653   0.3408   0.1774   0.0788   0.0098  -0.0329  -0.0451  -0.0986   2.3357   1.9721   8.0910   -0.226980   -0.952899     75458.31            0.327020           -0.064623            0.005728
2167   -2.3500    446.59    5.32    6.28    0.00   45.26    0.00           0.00        3979.86           0.00           0.00         308.59           0.00   359.75  1748.11   378.14   0.9783   1.3952   0.4850   0.3412   0.1838   0.0784   0.0099  -0.0329  -0.0451  -0.0986   2.3542   1.9738   8.0915   -0.231309   -0.968447     80740.40            0.346357            0.052750            0.010310
2168   -2.3500    456.77    5.32    6.57    0.00   44.01    0.00           0.00        3507.95           0.00           0.00         270.54           0.00   359.21  1800.66   378.28   0.9691   1.3873   0.5046   0.3417   0.1900   0.0779   0.0099  -0.0329  -0.0451  -0.0986   2.3723   1.9766   8.0921   -0.235427   -0.983993     86392.22            0.366278            0.150557            0.013486
2169   -2.3500    458.79    5.32    6.62    0.00   43.76    0.00           0.00        3421.11           0.00           0.00         263.54           0.00   358.68  1850.71   378.42   0.9606   1.3794   0.5229   0.3421   0.1957   0.0774   0.0099  -0.0329  -0.0451  -0.0986   2.3887   1.9802   8.0926   -0.239394   -0.998771     92439.68            0.385296            0.222455            0.015169
2170   -2.3500    452.65    5.32    6.45    0.00   44.51    0.00           0.00        3691.86           0.00           0.00         285.36           0.00   358.16  1895.68   378.56   0.9533   1.3717   0.5392   0.3425   0.2008   0.0769   0.0099  -0.0329  -0.0451  -0.0986   2.4022   1.9841   8.0931   -0.243275   -1.012117     98910.46            0.402158            0.265166            0.015358
2171   -2.3500    438.35    5.32    6.05    0.00   46.27    0.00           0.00        4407.32           0.00           0.00         343.11           0.00   357.65  1933.18   378.70   0.9473   1.3640   0.5526   0.3429   0.2049   0.0765   0.0099  -0.0329  -0.0451  -0.0986   2.4119   1.9880   8.0936   -0.247132   -1.023518    105834.19            0.415816            0.277223            0.014080
2172   -2.3500    422.44    5.32    5.61    0.00   48.22    0.00           0.00        5366.07           0.00           0.00         420.63           0.00   357.14  1962.19   378.84   0.9428   1.3565   0.5629   0.3433   0.2080   0.0760   0.0099  -0.0329  -0.0451  -0.0986   2.4174   1.9915   8.0941   -0.251017   -1.032738    113242.58            0.425591            0.260345            0.011667
2173   -2.3500    414.68    5.32    5.39    0.00   49.17    0.00           0.00        5905.66           0.00           0.00         464.31           0.00   356.64  1984.58   378.97   0.9394   1.3490   0.5708   0.3437   0.2104   0.0756   0.0099  -0.0329  -0.0451  -0.0986   2.4198   1.9943   8.0946   -0.254954   -1.039916    121169.56            0.431618            0.223625            0.008994
2174   -2.3500    409.36    5.32    5.24    0.00   49.82    0.00           0.00        6306.92           0.00           0.00         496.81           0.00   356.15  2002.77   379.11   0.9367   1.3416   0.5772   0.3440   0.2123   0.0752   0.0100  -0.0329  -0.0451  -0.0986   2.4203   1.9965   8.0951   -0.258949   -1.045429    129651.43            0.434753            0.179874            0.006611
2175   -2.3500    405.06    5.32    5.12    0.00   50.35    0.00           0.00        6650.31           0.00           0.00         524.64           0.00   355.66  2017.73   379.24   0.9344   1.3342   0.5824   0.3444   0.2139   0.0747   0.0100  -0.0329  -0.0451  -0.0986   2.4194   1.9982   8.0956   -0.262998   -1.049666    138727.03            0.435830            0.136326            0.004487
2176   -2.3500    401.63    5.32    5.02    0.00   50.77    0.00           0.00        6938.13           0.00           0.00         547.97           0.00   355.17  2030.06   379.37   0.9326   1.3269   0.5867   0.3448   0.2152   0.0743   0.0100  -0.0329  -0.0451  -0.0986   2.4175   1.9992   8.0961   -0.267096   -1.052948    148437.92            0.435376            0.094816            0.002585
2177   -2.3500    401.46    5.32    5.02    0.00   50.79    0.00           0.00        6952.44           0.00           0.00         549.13           0.00   354.69  2040.72   379.50   0.9310   1.3196   0.5904   0.3452   0.2163   0.0739   0.0100  -0.0329  -0.0451  -0.0986   2.4149   1.9998   8.0966   -0.271232   -1.055588    158828.58            0.433834            0.056823            0.000993
2178   -2.3500    406.77    5.32    5.17    0.00   50.14    0.00           0.00        6511.81           0.00           0.00         513.42           0.00   354.21  2051.36   379.63   0.9295   1.3124   0.5941   0.3456   0.2174   0.0735   0.0100  -0.0329  -0.0451  -0.0986   2.4124   2.0000   8.0971   -0.275388   -1.057945    169946.58            0.431775            0.025612           -0.000050
2179   -2.3500    418.06    5.32    5.48    0.00   48.75    0.00           0.00        5664.30           0.00           0.00         444.77           0.00   353.73  2064.00   379.76   0.9277   1.3052   0.5984   0.3459   0.2187   0.0731   0.0100  -0.0329  -0.0451  -0.0986   2.4108   2.0000   8.0976   -0.279537   -1.060381    181842.84            0.429950            0.005788           -0.000318
2180   -2.3500    427.60    5.32    5.75    0.00   47.58    0.00           0.00        5034.18           0.00           0.00         393.78           0.00   353.25  2079.20   379.89   0.9255   1.2980   0.6036   0.3463   0.2202   0.0727   0.0101  -0.0329  -0.0451  -0.0986   2.4105   2.0000   8.0981   -0.283661   -1.063094    194571.84            0.428944           -0.001118           -0.000022
2181   -2.3500    429.45    5.32    5.80    0.00   47.36    0.00           0.00        4920.65           0.00           0.00         384.60           0.00   352.78  2095.09   380.01   0.9232   1.2909   0.6091   0.3467   0.2218   0.0723   0.0101  -0.0329  -0.0451  -0.0986   2.4106   2.0000   8.0985   -0.287756   -1.066032    208191.87            0.428667           -0.001042            0.000166
2182   -2.3500    432.56    5.32    5.89    0.00   46.98    0.00           0.00        4734.77           0.00           0.00         369.57           0.00   352.31  2110.51   380.14   0.9211   1.2838   0.6143   0.3470   0.2233   0.0719   0.0101  -0.0329  -0.0451  -0.0986   2.4105   2.0000   8.0990   -0.291826   -1.069059    222765.30            0.428617           -0.001396            0.000093
2183   -2.3500    439.22    5.32    6.07    0.00   46.16    0.00           0.00        4360.35           0.00           0.00         339.31           0.00   351.85  2126.33   380.26   0.9189   1.2768   0.6197   0.3474   0.2249   0.0715   0.0101  -0.0329  -0.0451  -0.0986   2.4105   2.0000   8.0995   -0.295872   -1.072118    238358.87            0.428641           -0.002359            0.000130
2184   -2.3500    441.61    5.32    6.14    0.00   45.87    0.00           0.00        4233.38           0.00           0.00         329.06           0.00   351.39  2142.40   380.38   0.9167   1.2698   0.6252   0.3477   0.2265   0.0711   0.0101  -0.0329  -0.0451  -0.0986   2.4106   2.0000   8.1000   -0.299893   -1.075172    255043.99            0.428795           -0.002232            0.000176
2185   -2.3500    446.01    5.32    6.26    0.00   45.33    0.00           0.00        4008.85           0.00           0.00         310.93           0.00   350.93  2158.30   380.51   0.9145   1.2628   0.6305   0.3481   0.2280   0.0707   0.0101  -0.0329  -0.0451  -0.0986   2.4106   2.0000   8.1004   -0.303891   -1.078179    272897.07            0.428988           -0.002218            0.000148
2186   -2.3500    449.79    5.32    6.37    0.00   44.87    0.00           0.00        3825.38           0.00           0.00         296.13           0.00   350.48  2174.29   380.63   0.9123   1.2559   0.6359   0.3484   0.2296   0.0704   0.0101  -0.0329  -0.0451  -0.0986   2.4107   2.0000   8.1009   -0.307866   -1.081116    291999.86            0.429184           -0.002387            0.000159
2187   -2.3500    453.51    5.32    6.48    0.00   44.41    0.00           0.00        3652.60           0.00           0.00         282.20           0.00   350.02  2190.26   380.74   0.9102   1.2490   0.6412   0.3488   0.2311   0.0700   0.0102  -0.0329  -0.0451  -0.0986   2.4108   2.0000   8.1013   -0.311820   -1.083973    312439.85            0.429392           -0.002340            0.000156
2188   -2.3500    457.32    5.32    6.58    0.00   43.94    0.00           0.00        3484.17           0.00           0.00         268.62           0.00   349.58  2206.20   380.86   0.9081   1.2422   0.6465   0.3491   0.2326   0.0696   0.0102  -0.0329  -0.0451  -0.0986   2.4109   2.0000   8.1018   -0.315752   -1.086738    334310.64            0.429592           -0.002312            0.000154
2189   -2.3500    460.83    5.32    6.68    0.00   43.51    0.00           0.00        3335.66           0.00           0.00         256.66           0.00   349.13  2222.10   380.98   0.9060   1.2354   0.6518   0.3495   0.2341   0.0693   0.0102  -0.0329  -0.0451  -0.0986   2.4110   2.0000   8.1023   -0.319663   -1.089408    357712.39            0.429777           -0.002293            0.000146
2190   -2.3500    464.98    5.32    6.80    0.00   43.00    0.00           0.00        3167.81           0.00           0.00         243.15           0.00   348.69  2238.00   381.09   0.9040   1.2286   0.6571   0.3498   0.2356   0.0689   0.0102  -0.0329  -0.0451  -0.0986   2.4111   2.0000   8.1027   -0.323553   -1.091982    382752.26            0.429950           -0.002197            0.000153
2191   -2.3500    467.85    5.32    6.88    0.00   42.65    0.00           0.00        3057.02           0.00           0.00         234.23           0.00   348.25  2253.81   381.21   0.9019   1.2219   0.6623   0.3501   0.2371   0.0686   0.0102  -0.0329  -0.0451  -0.0986   2.4111   2.0000   8.1032   -0.327423   -1.094457    409544.91            0.430103           -0.002106            0.000140
2192   -2.3500    472.38    5.32    7.00    0.00   42.10    0.00           0.00        2889.55           0.00           0.00         220.77           0.00   347.81  2269.60   381.32   0.8999   1.2152   0.6675   0.3505   0.2386   0.0682   0.0102  -0.0329  -0.0451  -0.0986   2.4112   2.0000   8.1036   -0.331273   -1.096834    438213.06            0.430229           -0.002075            0.000138
2193   -2.3500    475.02    5.32    7.08    0.00   41.77    0.00           0.00        2795.84           0.00           0.00         213.24           0.00   347.38  2285.34   381.44   0.8979   1.2085   0.6726   0.3508   0.2400   0.0679   0.0103  -0.0329  -0.0451  -0.0986   2.4112   2.0000   8.1041   -0.335103   -1.099117    468887.97            0.430333           -0.002003            0.000132
2194   -2.3500    479.64    5.32    7.21    0.00   41.21    0.00           0.00        2639.82           0.00           0.00         200.71           0.00   346.95  2301.04   381.55   0.8960   1.2019   0.6778   0.3511   0.2415   0.0676   0.0103  -0.0329  -0.0451  -0.0986   2.4112   2.0000   8.1045   -0.338914   -1.101297    501710.13            0.430415           -0.001926            0.000130
2195   -2.3500    480.33    5.32    7.23    0.00   41.12    0.00           0.00        2617.05           0.00           0.00         198.89           0.00   346.52  2316.38   381.66   0.8941   1.1953   0.6827   0.3514   0.2429   0.0672   0.0103  -0.0329  -0.0451  -0.0986   2.4111   2.0000   8.1049   -0.342706   -1.103378    536829.84            0.430424           -0.002397            0.000051
2196   -2.3500    489.18    5.32    7.47    0.00   40.04    0.00           0.00        2343.43           0.00           0.00         176.95           0.00   346.10  2332.11   381.77   0.8921   1.1888   0.6878   0.3518   0.2443   0.0669   0.0103  -0.0329  -0.0451  -0.0986   2.4111   2.0000   8.1054   -0.346477   -1.105395    574407.93            0.430422           -0.002509            0.000115
2197   -2.3500    489.88    5.32    7.49    0.00   39.95    0.00           0.00        2323.17           0.00           0.00         175.33           0.00   345.68  2348.22   381.88   0.8902   1.1823   0.6930   0.3521   0.2457   0.0666   0.0103  -0.0329  -0.0451  -0.0986   2.4114   2.0000   8.1058   -0.350231   -1.107303    614616.48            0.430529           -0.001053            0.000232
2198   -2.3500    482.42    5.32    7.28    0.00   40.87    0.00           0.00        2549.88           0.00           0.00         193.50           0.00   345.26  2361.83   381.98   0.8885   1.1758   0.6974   0.3524   0.2470   0.0662   0.0103  -0.0329  -0.0451  -0.0986   2.4105   1.9999   8.1062   -0.353987   -1.108844    657639.64            0.430321           -0.003538           -0.000274
2199   -2.3500    466.80    5.32    6.85    0.00   42.78    0.00           0.00        3097.19           0.00           0.00         237.47           0.00   344.84  2370.29   382.09   0.8875   1.1694   0.7001   0.3527   0.2477   0.0659   0.0103  -0.0329  -0.0451  -0.0986   2.4075   1.9996   8.1067   -0.315319   -1.097216    703674.41            0.428897           -0.018491           -0.001678
2200    0.0000    443.02    5.32   14.80    0.00   45.70    0.00           0.00        4160.03           0.00           0.00         323.14           0.00   344.93  2371.18   382.20   0.8874   1.1707   0.7004   0.3530   0.2478   0.0656   0.0104  -0.0329  -0.0451  -0.0986   2.4091   1.9994   8.1066   -0.227161   -1.048819    752931.62            0.428148           -0.019303           -0.000124
2201    0.0000    411.08    5.32   13.90    0.00   49.61    0.00           0.00        6174.24           0.00           0.00         486.06           0.00   345.49  2362.26   382.30   0.8885   1.1794   0.6976   0.3533   0.2470   0.0653   0.0104  -0.0329  -0.0451  -0.0986   2.4140   1.9998   8.1060   -0.167938   -0.968200    805636.84            0.430273            0.012191            0.002120
2202    0.0000    370.99    5.32   12.78    0.00   54.52    0.00           0.00       10120.86           0.00           0.00         806.28           0.00   346.00  2341.50   382.40   0.8910   1.1872   0.6909   0.3536   0.2451   0.0650   0.0104  -0.0329  -0.0451  -0.0986   2.4129   2.0000   8.1055   -0.145879   -0.884813    862031.41            0.431948            0.024106            0.000291
2203    0.0000    339.05    5.32   11.89    0.00   58.44    0.00           0.00       14991.28           0.00           0.00        1202.22           0.00   346.46  2309.87   382.51   0.8949   1.1944   0.6806   0.3539   0.2423   0.0647   0.0104  -0.0329  -0.0451  -0.0986   2.4065   1.9995   8.1050   -0.126011   -0.812160    922373.61            0.429616           -0.012823           -0.003209
2204    0.0000    315.27    5.32   11.22    0.00   61.35    0.00           0.00       20079.11           0.00           0.00        1616.25           0.00   346.88  2271.12   382.61   0.8997   1.2009   0.6680   0.3542   0.2387   0.0644   0.0104  -0.0329  -0.0451  -0.0986   2.3964   1.9981   8.1046   -0.108059   -0.749137    986939.77            0.423299           -0.076411           -0.007012
2205    0.0000    299.65    5.32   10.78    0.00   63.27    0.00           0.00       24325.73           0.00           0.00        1962.01           0.00   347.27  2228.70   382.71   0.9052   1.2068   0.6540   0.3545   0.2348   0.0641   0.0104  -0.0329  -0.0451  -0.0986   2.3841   1.9956   8.1042   -0.091809   -0.694364   1056025.55            0.414023           -0.147923           -0.010445
2206    0.0000    292.19    5.32   10.57    0.00   64.18    0.00           0.00       26660.10           0.00           0.00        2152.12           0.00   347.62  2185.78   382.81   0.9108   1.2123   0.6397   0.3548   0.2307   0.0638   0.0105  -0.0329  -0.0451  -0.0986   2.3710   1.9924   8.1038   -0.077083   -0.646523   1129947.34            0.403044           -0.214769           -0.013093
2207    0.0000    280.59    5.32   10.25    0.00   65.61    0.00           0.00       30740.75           0.00           0.00        2484.52           0.00   347.95  2143.12   382.91   0.9166   1.2173   0.6254   0.3551   0.2265   0.0635   0.0105  -0.0329  -0.0451  -0.0986   2.3574   1.9884   8.1035   -0.063739   -0.604326   1209043.65            0.391304           -0.272073           -0.015216
2208    0.0000    260.83    5.32    9.70    0.00   68.03    0.00           0.00       39177.33           0.00           0.00        3171.91           0.00   348.25  2098.58   383.01   0.9228   1.2219   0.6103   0.3553   0.2221   0.0632   0.0105  -0.0329  -0.0451  -0.0986   2.3425   1.9837   8.1032   -0.051668   -0.566516   1293676.71            0.378840           -0.325593           -0.017578
2209    0.0000    249.23    5.32    9.37    0.00   69.45    0.00           0.00       45170.76           0.00           0.00        3660.35           0.00   348.53  2052.33   383.10   0.9294   1.2262   0.5944   0.3556   0.2175   0.0628   0.0105  -0.0329  -0.0451  -0.0986   2.3263   1.9783   8.1029   -0.040771   -0.532136   1384234.08            0.365404           -0.380471           -0.019991
2210    0.0000    245.78    5.32    9.28    0.00   69.87    0.00           0.00       47119.85           0.00           0.00        3819.21           0.00   348.79  2007.38   383.20   0.9360   1.2302   0.5788   0.3559   0.2128   0.0625   0.0105  -0.0329  -0.0451  -0.0986   2.3101   1.9722   8.1026   -0.030938   -0.500713   1481130.46            0.351493           -0.430659           -0.021701
2211    0.0000    250.50    5.32    9.41    0.00   69.29    0.00           0.00       44471.28           0.00           0.00        3603.34           0.00   349.04  1966.50   383.29   0.9422   1.2339   0.5644   0.3562   0.2085   0.0622   0.0105  -0.0329  -0.0451  -0.0986   2.2952   1.9659   8.1024   -0.022051   -0.472149   1584809.59            0.338173           -0.466402           -0.022345
2212    0.0000    263.37    5.32    9.77    0.00   67.72    0.00           0.00       37973.20           0.00           0.00        3073.79           0.00   349.26  1932.19   383.39   0.9475   1.2373   0.5523   0.3564   0.2048   0.0619   0.0105  -0.0329  -0.0451  -0.0986   2.2831   1.9594   8.1021   -0.013983   -0.446558   1695746.27            0.326610           -0.480697           -0.021689
2213    0.0000    284.40    5.32   10.36    0.00   65.14    0.00           0.00       29334.01           0.00           0.00        2369.92           0.00   349.47  1906.74   383.48   0.9515   1.2405   0.5432   0.3567   0.2020   0.0616   0.0106  -0.0329  -0.0451  -0.0986   2.2748   1.9534   8.1019   -0.006615   -0.424080   1814448.50            0.317950           -0.468520           -0.019596
2214    0.0000    297.27    5.32   10.72    0.00   63.56    0.00           0.00       25045.60           0.00           0.00        2020.63           0.00   349.67  1889.40   383.58   0.9543   1.2435   0.5369   0.3570   0.2001   0.0613   0.0106  -0.0329  -0.0451  -0.0986   2.2702   1.9479   8.1017    0.000149   -0.404587   1941459.90            0.312759           -0.432199           -0.016756
2215    0.0000    301.99    5.32   10.85    0.00   62.98    0.00           0.00       23636.66           0.00           0.00        1905.90           0.00   349.85  1876.63   383.67   0.9564   1.2464   0.5323   0.3572   0.1987   0.0610   0.0106  -0.0329  -0.0451  -0.0986   2.2675   1.9432   8.1015    0.006378   -0.387669   2077362.09            0.310449           -0.384953           -0.014225
2216    0.0000    314.86    5.32   11.21    0.00   61.40    0.00           0.00       20179.93           0.00           0.00        1624.46           0.00   350.03  1868.04   383.76   0.9578   1.2490   0.5292   0.3575   0.1977   0.0607   0.0106  -0.0329  -0.0451  -0.0986   2.2665   1.9391   8.1013    0.012130   -0.373004   2222777.44            0.310239           -0.335887           -0.011757
2217    0.0000    335.89    5.32   11.80    0.00   58.83    0.00           0.00       15584.20           0.00           0.00        1250.45           0.00   350.19  1866.09   383.85   0.9581   1.2515   0.5285   0.3578   0.1975   0.0604   0.0106  -0.0329  -0.0451  -0.0986   2.2686   1.9358   8.1012    0.017474   -0.360499   2378371.86            0.312301           -0.279826           -0.008579
2218    0.0000    348.77    5.32   12.16    0.00   57.25    0.00           0.00       13302.93           0.00           0.00        1064.91           0.00   350.35  1870.22   383.94   0.9574   1.2539   0.5300   0.3580   0.1979   0.0601   0.0106  -0.0329  -0.0451  -0.0986   2.2734   1.9335   8.1010    0.022463   -0.349970   2544857.89            0.316929           -0.213604           -0.005136
2219    0.0000    353.48    5.32   12.29    0.00   56.67    0.00           0.00       12553.43           0.00           0.00        1003.97           0.00   350.50  1877.05   384.03   0.9563   1.2562   0.5325   0.3583   0.1987   0.0598   0.0107  -0.0329  -0.0451  -0.0986   2.2793   1.9321   8.1009    0.027132   -0.341036   2722997.94            0.323456           -0.146784           -0.002331
2220    0.0000    366.35    5.32   12.65    0.00   55.09    0.00           0.00       10714.57           0.00           0.00         854.52           0.00   350.64  1886.36   384.11   0.9548   1.2585   0.5358   0.3585   0.1998   0.0595   0.0107  -0.0329  -0.0451  -0.0986   2.2863   1.9314   8.1007    0.031505   -0.333349   2913607.80            0.331115           -0.085769            0.000189
2221    0.0000    371.07    5.32   12.78    0.00   54.51    0.00           0.00       10110.43           0.00           0.00         805.44           0.00   350.78  1897.92   384.20   0.9529   1.2606   0.5400   0.3588   0.2010   0.0593   0.0107  -0.0329  -0.0451  -0.0986   2.2941   1.9315   8.1006    0.035608   -0.326667   3117560.34            0.339624           -0.029197            0.002491
2222    0.0000    381.49    5.32   13.08    0.00   53.24    0.00           0.00        8892.58           0.00           0.00         706.54           0.00   350.92  1911.11   384.29   0.9508   1.2626   0.5447   0.3590   0.2025   0.0590   0.0107  -0.0329  -0.0451  -0.0986   2.3026   1.9322   8.1004    0.039461   -0.320783   3335789.57            0.348727            0.022812            0.004514
2223    0.0000    383.76    5.32   13.14    0.00   52.96    0.00           0.00        8647.90           0.00           0.00         686.68           0.00   351.05  1925.37   384.37   0.9485   1.2646   0.5498   0.3593   0.2040   0.0587   0.0107  -0.0329  -0.0451  -0.0986   2.3114   1.9335   8.1003    0.043077   -0.315427   3569294.84            0.358148            0.069434            0.006244
2224    0.0000    377.86    5.32   12.97    0.00   53.68    0.00           0.00        9298.99           0.00           0.00         739.53           0.00   351.18  1937.77   384.46   0.9466   1.2665   0.5543   0.3595   0.2054   0.0584   0.0107  -0.0329  -0.0451  -0.0986   2.3192   1.9352   8.1002    0.046456   -0.310268   3819145.48            0.367215            0.105399            0.007039
2225    0.0000    380.13    5.32   13.04    0.00   53.40    0.00           0.00        9043.18           0.00           0.00         718.76           0.00   351.30  1948.47   384.54   0.9449   1.2684   0.5581   0.3598   0.2066   0.0582   0.0107  -0.0329  -0.0451  -0.0986   2.3260   1.9371   8.1000    0.049599   -0.305072   4086485.66            0.375334            0.128104            0.007390
2226    0.0000    374.24    5.32   12.87    0.00   54.13    0.00           0.00        9723.87           0.00           0.00         774.04           0.00   351.42  1957.62   384.62   0.9435   1.2702   0.5613   0.3600   0.2075   0.0579   0.0108  -0.0329  -0.0451  -0.0986   2.3321   1.9391   8.0999    0.052513   -0.299753   4372539.66            0.382439            0.141621            0.007459
2227    0.0000    376.50    5.32   12.94    0.00   53.85    0.00           0.00        9456.43           0.00           0.00         752.32           0.00   351.53  1965.34   384.71   0.9423   1.2719   0.5640   0.3602   0.2084   0.0577   0.0108  -0.0329  -0.0451  -0.0986   2.3373   1.9412   8.0998    0.055207   -0.294292   4678617.43            0.388569            0.148596            0.007346
2228    0.0000    370.61    5.32   12.77    0.00   54.57    0.00           0.00       10168.08           0.00           0.00         810.12           0.00   351.64  1971.77   384.79   0.9413   1.2736   0.5663   0.3605   0.2091   0.0574   0.0108  -0.0329  -0.0451  -0.0986   2.3419   1.9432   8.0997    0.057694   -0.288703   5006120.65            0.393803            0.150910            0.007117
2229    0.0000    372.87    5.32   12.83    0.00   54.29    0.00           0.00        9888.48           0.00           0.00         787.41           0.00   351.75  1977.02   384.87   0.9405   1.2752   0.5681   0.3607   0.2096   0.0572   0.0108  -0.0329  -0.0451  -0.0986   2.3459   1.9452   8.0996    0.059985   -0.283015   5356549.10            0.398227            0.149854            0.006804
2230    0.0000    366.98    5.32   12.67    0.00   55.02    0.00           0.00       10632.50           0.00           0.00         847.85           0.00   351.85  1981.19   384.95   0.9399   1.2768   0.5696   0.3609   0.2101   0.0569   0.0108  -0.0329  -0.0451  -0.0986   2.3494   1.9471   8.0995    0.062090   -0.277258   5731507.53            0.401920            0.146303            0.006434
2231    0.0000    369.24    5.32   12.73    0.00   54.74    0.00           0.00       10340.18           0.00           0.00         824.10           0.00   351.95  1984.36   385.03   0.9394   1.2783   0.5707   0.3612   0.2104   0.0567   0.0108  -0.0329  -0.0451  -0.0986   2.3523   1.9490   8.0994    0.064021   -0.271462   6132713.06            0.404953            0.140894            0.006023
2232    0.0000    363.35    5.32   12.57    0.00   55.46    0.00           0.00       11118.03           0.00           0.00         887.30           0.00   352.05  1986.63   385.11   0.9391   1.2798   0.5715   0.3614   0.2106   0.0564   0.0109  -0.0329  -0.0451  -0.0986   2.3548   1.9507   8.0993    0.065789   -0.265652   6562002.98            0.407394            0.134110            0.005585
2233    0.0000    365.62    5.32   12.63    0.00   55.18    0.00           0.00       10812.42           0.00           0.00         862.47           0.00   352.14  1988.07   385.18   0.9389   1.2812   0.5720   0.3616   0.2108   0.0562   0.0109  -0.0329  -0.0451  -0.0986   2.3569   1.9523   8.0992    0.067411   -0.259942   7021343.18            0.409302            0.126323            0.005131
2234    0.0000    376.04    5.32   12.92    0.00   53.91    0.00           0.00        9510.38           0.00           0.00         756.70           0.00   352.23  1991.61   385.26   0.9383   1.2825   0.5733   0.3618   0.2112   0.0560   0.0109  -0.0329  -0.0451  -0.0986   2.3599   1.9540   8.0991    0.068919   -0.254651   7512837.21            0.411218            0.123324            0.005398
2235    0.0000    394.62    5.32   13.44    0.00   51.63    0.00           0.00        7564.37           0.00           0.00         598.75           0.00   352.32  1999.89   385.34   0.9371   1.2838   0.5762   0.3621   0.2120   0.0557   0.0109  -0.0329  -0.0451  -0.0986   2.3651   1.9558   8.0990    0.070353   -0.250156   8038735.81            0.414190            0.134457            0.006685
2236    0.0000    405.04    5.32   13.73    0.00   50.35    0.00           0.00        6651.89           0.00           0.00         524.77           0.00   352.40  2012.52   385.41   0.9352   1.2851   0.5806   0.3623   0.2133   0.0555   0.0109  -0.0329  -0.0451  -0.0986   2.3723   1.9581   8.0989    0.071742   -0.246566   8601447.32            0.418798            0.160238            0.008428
2237    0.0000    407.31    5.32   13.80    0.00   50.07    0.00           0.00        6468.56           0.00           0.00         509.91           0.00   352.48  2026.29   385.49   0.9332   1.2863   0.5854   0.3625   0.2148   0.0553   0.0109  -0.0329  -0.0451  -0.0986   2.3800   1.9608   8.0988    0.073089   -0.243700   9203548.63            0.424559            0.189968            0.009692
2238    0.0000    417.73    5.32   14.09    0.00   48.79    0.00           0.00        5687.52           0.00           0.00         446.65           0.00   352.56  2041.09   385.56   0.9310   1.2875   0.5905   0.3627   0.2163   0.0551   0.0109  -0.0329  -0.0451  -0.0986   2.3880   1.9638   8.0988    0.074403   -0.241436   9847797.03            0.430832            0.216582            0.010779
2239    0.0000    436.31    5.32   14.61    0.00   46.52    0.00           0.00        4520.17           0.00           0.00         352.22           0.00   352.64  2059.69   385.64   0.9283   1.2887   0.5969   0.3629   0.2182   0.0548   0.0110  -0.0329  -0.0451  -0.0986   2.3977   1.9673   8.0987    0.075701   -0.239853  10537142.83            0.437902            0.246296            0.012457
2240    0.0000    446.73    5.32   14.90    0.00   45.24    0.00           0.00        3972.81           0.00           0.00         308.02           0.00   352.71  2081.77   385.71   0.9251   1.2899   0.6045   0.3631   0.2205   0.0546   0.0110  -0.0329  -0.0451  -0.0986   2.4089   1.9712   8.0986    0.076994   -0.238925  11274742.82            0.446159            0.283060            0.014335
2241    0.0000    449.00    5.32   14.97    0.00   44.96    0.00           0.00        3862.84           0.00           0.00         299.15           0.00   352.79  2104.20   385.78   0.9220   1.2910   0.6122   0.3633   0.2227   0.0544   0.0110  -0.0329  -0.0451  -0.0986   2.4202   1.9756   8.0985    0.078271   -0.238335  12063974.82            0.455092            0.318658            0.015598
2242    0.0000    443.11    5.32   14.80    0.00   45.68    0.00           0.00        4155.47           0.00           0.00         322.77           0.00   352.87  2124.09   385.85   0.9192   1.2922   0.6190   0.3635   0.2247   0.0542   0.0110  -0.0329  -0.0451  -0.0986   2.4302   1.9803   8.0985    0.079504   -0.237585  12908453.06            0.463629            0.342507            0.015902
2243    0.0000    429.05    5.32   14.41    0.00   47.41    0.00           0.00        4944.72           0.00           0.00         386.54           0.00   352.94  2138.84   385.93   0.9172   1.2933   0.6240   0.3638   0.2261   0.0540   0.0110  -0.0329  -0.0451  -0.0986   2.4377   1.9848   8.0984    0.080658   -0.236223  13812044.77            0.470666            0.347793            0.015055
2244    0.0000    423.16    5.32   14.24    0.00   48.13    0.00           0.00        5318.39           0.00           0.00         416.77           0.00   353.01  2148.86   386.00   0.9158   1.2944   0.6273   0.3640   0.2271   0.0538   0.0110  -0.0329  -0.0451  -0.0986   2.4431   1.9891   8.0983    0.081708   -0.234013  14778887.91            0.475635            0.335419            0.013665
2245    0.0000    409.11    5.32   13.85    0.00   49.85    0.00           0.00        6326.22           0.00           0.00         498.38           0.00   353.08  2154.57   386.07   0.9150   1.2954   0.6293   0.3642   0.2277   0.0536   0.0110  -0.0329  -0.0451  -0.0986   2.4464   1.9930   8.0982    0.082635   -0.230827  15813410.06            0.478563            0.311410            0.011968
2246    0.0000    386.90    5.32   13.23    0.00   52.57    0.00           0.00        8319.32           0.00           0.00         660.01           0.00   353.15  2153.47   386.13   0.9152   1.2965   0.6289   0.3644   0.2276   0.0534   0.0111  -0.0329  -0.0451  -0.0986   2.4468   1.9963   8.0982    0.083408   -0.226421  16920348.77            0.479141            0.274479            0.009410
2247    0.0000    356.53    5.32   12.38    0.00   56.30    0.00           0.00       12090.79           0.00           0.00         966.36           0.00   353.22  2143.29   386.20   0.9166   1.2975   0.6255   0.3646   0.2266   0.0532   0.0111  -0.0329  -0.0451  -0.0986   2.4430   1.9988   8.0981    0.083986   -0.220441  18104773.18            0.476596            0.218538            0.005780
2248    0.0000    318.01    5.32   11.30    0.00   61.02    0.00           0.00       19414.82           0.00           0.00        1562.18           0.00   353.28  2121.95   386.27   0.9195   1.2984   0.6182   0.3647   0.2245   0.0530   0.0111  -0.0329  -0.0451  -0.0986   2.4343   2.0000   8.0980    0.084328   -0.212582  19372107.30            0.470106            0.139484            0.000941
2249    0.0000    287.64    5.32   10.45    0.00   64.74    0.00           0.00       28190.11           0.00           0.00        2276.74           0.00   353.34  2090.39   386.34   0.9239   1.2993   0.6075   0.3649   0.2213   0.0528   0.0111  -0.0329  -0.0451  -0.0986   2.4208   1.9998   8.0980    0.084410   -0.202829  20728154.81            0.459319            0.039590           -0.004498
2250    0.0000    265.43    5.32    9.83    0.00   67.46    0.00           0.00       37024.39           0.00           0.00        2996.48           0.00   353.39  2052.34   386.40   0.9294   1.3001   0.5944   0.3651   0.2175   0.0526   0.0111  -0.0329  -0.0451  -0.0986   2.4042   1.9981   8.0979    0.084234   -0.191545  22179125.65            0.444896           -0.069086           -0.009585
2251    0.0000    251.38    5.32    9.43    0.00   69.19    0.00           0.00       43991.68           0.00           0.00        3564.25           0.00   353.44  2011.19   386.47   0.9354   1.3008   0.5801   0.3653   0.2132   0.0524   0.0111  -0.0329  -0.0451  -0.0986   2.3861   1.9950   8.0979    0.083829   -0.179326  23731664.45            0.428114           -0.173003           -0.013852
2252    0.0000    245.49    5.32    9.27    0.00   69.91    0.00           0.00       47290.38           0.00           0.00        3833.11           0.00   353.48  1970.08   386.54   0.9416   1.3015   0.5657   0.3655   0.2089   0.0522   0.0112  -0.0329  -0.0451  -0.0986   2.3677   1.9909   8.0978    0.083236   -0.166850  25392880.96            0.410339           -0.262719           -0.017002
2253    0.0000    247.75    5.32    9.33    0.00   69.63    0.00           0.00       45994.34           0.00           0.00        3727.47           0.00   353.52  1931.87   386.60   0.9475   1.3020   0.5521   0.3657   0.2048   0.0520   0.0112  -0.0329  -0.0451  -0.0986   2.3506   1.9860   8.0978    0.082509   -0.154804  27170382.62            0.392909           -0.331408           -0.018836
2254    0.0000    258.18    5.32    9.62    0.00   68.35    0.00           0.00       40472.66           0.00           0.00        3277.47           0.00   353.55  1899.16   386.66   0.9527   1.3025   0.5404   0.3659   0.2012   0.0518   0.0112  -0.0329  -0.0451  -0.0986   2.3359   1.9808   8.0978    0.081707   -0.143817  29072309.41            0.377098           -0.374093           -0.019223
2255    0.0000    271.28    5.32    9.99    0.00   66.75    0.00           0.00       34458.78           0.00           0.00        2787.43           0.00   353.58  1873.39   386.73   0.9569   1.3029   0.5311   0.3661   0.1983   0.0516   0.0112  -0.0329  -0.0451  -0.0986   2.3244   1.9755   8.0977    0.080882   -0.134297  31107371.07            0.363921           -0.389033           -0.018324
2256    0.0000    276.23    5.32   10.13    0.00   66.14    0.00           0.00       32427.58           0.00           0.00        2621.94           0.00   353.60  1853.00   386.79   0.9602   1.3033   0.5237   0.3662   0.1960   0.0514   0.0112  -0.0329  -0.0451  -0.0986   2.3155   1.9704   8.0977    0.080069   -0.126346  33284887.04            0.353611           -0.382611           -0.016964
2257    0.0000    289.34    5.32   10.49    0.00   64.53    0.00           0.00       27607.84           0.00           0.00        2229.31           0.00   353.62  1837.53   386.85   0.9628   1.3036   0.5181   0.3664   0.1942   0.0512   0.0112  -0.0329  -0.0451  -0.0986   2.3088   1.9657   8.0977    0.079291   -0.119897  35614829.13            0.345902           -0.363053           -0.015258
2258    0.0000    294.29    5.32   10.63    0.00   63.93    0.00           0.00       25979.97           0.00           0.00        2096.73           0.00   353.64  1826.56   386.92   0.9647   1.3038   0.5141   0.3666   0.1930   0.0510   0.0112  -0.0329  -0.0451  -0.0986   2.3042   1.9614   8.0977    0.078556   -0.114731  38107867.17            0.340569           -0.334106           -0.013335
2259    0.0000    291.08    5.32   10.54    0.00   64.32    0.00           0.00       27023.72           0.00           0.00        2181.74           0.00   353.65  1816.85   386.98   0.9663   1.3041   0.5105   0.3668   0.1919   0.0508   0.0113  -0.0329  -0.0451  -0.0986   2.3001   1.9576   8.0977    0.077851   -0.110387  40775417.87            0.336871           -0.304353           -0.012045
2260    0.0000    279.72    5.32   10.23    0.00   65.71    0.00           0.00       31070.21           0.00           0.00        2511.36           0.00   353.67  1805.46   387.04   0.9683   1.3043   0.5063   0.3670   0.1905   0.0506   0.0113  -0.0329  -0.0451  -0.0986   2.2950   1.9539   8.0976    0.077152   -0.106332  43629697.13            0.333527           -0.285493           -0.011764
2261    0.0000    276.51    5.32   10.14    0.00   66.11    0.00           0.00       32318.12           0.00           0.00        2613.02           0.00   353.68  1792.52   387.10   0.9705   1.3045   0.5015   0.3671   0.1890   0.0504   0.0113  -0.0329  -0.0451  -0.0986   2.2891   1.9502   8.0976    0.076445   -0.102323  46683775.92            0.329753           -0.279539           -0.011945
2262    0.0000    281.46    5.32   10.27    0.00   65.50    0.00           0.00       30412.95           0.00           0.00        2457.81           0.00   353.69  1781.03   387.16   0.9725   1.3047   0.4973   0.3673   0.1877   0.0502   0.0113  -0.0329  -0.0451  -0.0986   2.2837   1.9466   8.0976    0.075733   -0.098436  49951640.24            0.325901           -0.276232           -0.011614
2263    0.0000    278.25    5.32   10.18    0.00   65.89    0.00           0.00       31634.50           0.00           0.00        2557.33           0.00   353.70  1770.86   387.22   0.9743   1.3048   0.4935   0.3675   0.1865   0.0501   0.0113  -0.0329  -0.0451  -0.0986   2.2790   1.9432   8.0976    0.075028   -0.094786  53448255.06            0.322511           -0.268790           -0.011113
2264    0.0000    283.20    5.32   10.32    0.00   65.29    0.00           0.00       29769.57           0.00           0.00        2405.40           0.00   353.71  1761.88   387.27   0.9759   1.3050   0.4901   0.3676   0.1854   0.0499   0.0113  -0.0329  -0.0451  -0.0986   2.2748   1.9399   8.0976    0.074334   -0.091417  57189632.91            0.319665           -0.258638           -0.010515
2265    0.0000    279.99    5.32   10.23    0.00   65.68    0.00           0.00       30965.32           0.00           0.00        2502.81           0.00   353.72  1754.00   387.33   0.9773   1.3051   0.4872   0.3678   0.1845   0.0497   0.0114  -0.0329  -0.0451  -0.0986   2.2711   1.9367   8.0976    0.073649   -0.088238  61192907.21            0.317361           -0.246702           -0.009875
2266    0.0000    268.63    5.32    9.91    0.00   67.07    0.00           0.00       35601.06           0.00           0.00        2880.50           0.00   353.73  1744.28   387.39   0.9790   1.3052   0.4836   0.3680   0.1833   0.0495   0.0114  -0.0329  -0.0451  -0.0986   2.2665   1.9336   8.0976    0.072957   -0.085010  65476410.72            0.315028           -0.239718           -0.010020
2267    0.0000    265.42    5.32    9.83    0.00   67.47    0.00           0.00       37030.70           0.00           0.00        2996.99           0.00   353.73  1732.89   387.45   0.9811   1.3052   0.4793   0.3681   0.1819   0.0493   0.0114  -0.0329  -0.0451  -0.0986   2.2610   1.9304   8.0976    0.072243   -0.081541  70059759.47            0.312052           -0.242188           -0.010496
2268    0.0000    254.05    5.32    9.51    0.00   68.86    0.00           0.00       42573.20           0.00           0.00        3448.65           0.00   353.73  1719.97   387.50   0.9834   1.3053   0.4744   0.3683   0.1804   0.0491   0.0114  -0.0329  -0.0451  -0.0986   2.2546   1.9271   8.0976    0.071497   -0.077767  74963942.63            0.308345           -0.250984           -0.011170
2269    0.0000    250.84    5.32    9.42    0.00   69.25    0.00           0.00       44282.48           0.00           0.00        3587.95           0.00   353.74  1705.66   387.56   0.9860   1.3053   0.4690   0.3685   0.1786   0.0489   0.0114  -0.0329  -0.0451  -0.0986   2.2474   1.9236   8.0976    0.070721   -0.073779  80211418.62            0.303920           -0.264118           -0.011961
2270    0.0000    255.79    5.32    9.56    0.00   68.64    0.00           0.00       41672.95           0.00           0.00        3375.28           0.00   353.74  1692.93   387.61   0.9884   1.3053   0.4641   0.3686   0.1770   0.0488   0.0114  -0.0329  -0.0451  -0.0986   2.2410   1.9199   8.0976    0.069937   -0.069934  85826217.92            0.299369           -0.274085           -0.012008
2271    0.0000    268.90    5.32    9.92    0.00   67.04    0.00           0.00       35480.90           0.00           0.00        2870.71           0.00   353.74  1684.48   387.67   0.9900   1.3053   0.4609   0.3688   0.1760   0.0486   0.0114  -0.0329  -0.0451  -0.0986   2.2368   1.9165   8.0976    0.069178   -0.066673  91834053.17            0.295870           -0.269731           -0.010947
2272    0.0000    273.85    5.32   10.06    0.00   66.43    0.00           0.00       33389.53           0.00           0.00        2700.31           0.00   353.74  1679.92   387.72   0.9909   1.3053   0.4591   0.3689   0.1754   0.0484   0.0115  -0.0329  -0.0451  -0.0986   2.2347   1.9134   8.0976    0.068463   -0.064149  98262436.90            0.294099           -0.249823           -0.009381
2273    0.0000    270.64    5.32    9.97    0.00   66.82    0.00           0.00       34730.47           0.00           0.00        2809.56           0.00   353.73  1676.08   387.78   0.9916   1.3053   0.4577   0.3691   0.1749   0.0482   0.0115  -0.0329  -0.0451  -0.0986   2.2329   1.9106   8.0976    0.067791   -0.062189 105140807.48            0.293550           -0.225812           -0.008347
2274    0.0000    275.59    5.32   10.11    0.00   66.22    0.00           0.00       32683.28           0.00           0.00        2642.77           0.00   353.73  1672.88   387.83   0.9922   1.3052   0.4564   0.3692   0.1745   0.0480   0.0115  -0.0329  -0.0451  -0.0986   2.2314   1.9080   8.0976    0.067155   -0.060593 112500664.00            0.293538           -0.205336           -0.007503
2275    0.0000    272.39    5.32   10.02    0.00   66.61    0.00           0.00       33995.89           0.00           0.00        2749.71           0.00   353.73  1670.27   387.88   0.9927   1.3052   0.4554   0.3694   0.1742   0.0479   0.0115  -0.0329  -0.0451  -0.0986   2.2302   1.9057   8.0976    0.066543   -0.059144 120375710.48            0.293865           -0.187336           -0.006783
2276    0.0000    261.02    5.32    9.70    0.00   68.00    0.00           0.00       39084.69           0.00           0.00        3164.36           0.00   353.72  1665.36   387.94   0.9936   1.3051   0.4536   0.3695   0.1736   0.0477   0.0115  -0.0329  -0.0451  -0.0986   2.2277   1.9035   8.0976    0.065933   -0.057535 128802010.22            0.293892           -0.177315           -0.006955
2277    0.0000    257.81    5.32    9.61    0.00   68.40    0.00           0.00       40654.05           0.00           0.00        3292.25           0.00   353.72  1658.35   387.99   0.9950   1.3051   0.4509   0.3697   0.1727   0.0475   0.0115  -0.0329  -0.0451  -0.0986   2.2240   1.9012   8.0976    0.065314   -0.055655 137818150.93            0.292996           -0.178799           -0.007504
2278    0.0000    262.76    5.32    9.75    0.00   67.79    0.00           0.00       38258.13           0.00           0.00        3097.01           0.00   353.71  1652.28   388.04   0.9961   1.3050   0.4485   0.3698   0.1719   0.0474   0.0115  -0.0329  -0.0451  -0.0986   2.2208   1.8988   8.0976    0.064691   -0.053670 147465421.50            0.291661           -0.181715           -0.007459
2279    0.0000    259.55    5.32    9.66    0.00   68.18    0.00           0.00       39794.34           0.00           0.00        3222.19           0.00   353.71  1647.05   388.09   0.9971   1.3049   0.4465   0.3700   0.1713   0.0472   0.0116  -0.0329  -0.0451  -0.0986   2.2181   1.8966   8.0976    0.064068   -0.051651 157788001.00            0.290506           -0.179528           -0.007210
2280    0.0000    248.19    5.32    9.34    0.00   69.58    0.00           0.00       45750.00           0.00           0.00        3707.56           0.00   353.70  1639.76   388.14   0.9986   1.3048   0.4437   0.3701   0.1703   0.0470   0.0116  -0.0329  -0.0451  -0.0986   2.2143   1.8942   8.0976    0.063430   -0.049435 168833161.07            0.289101           -0.180293           -0.007667
2281    0.0000    244.98    5.32    9.25    0.00   69.97    0.00           0.00       47586.69           0.00           0.00        3857.26           0.00   353.70  1630.59   388.19   1.0004   1.3047   0.4401   0.3703   0.1692   0.0469   0.0116  -0.0329  -0.0451  -0.0986   2.2094   1.8917   8.0976    0.062772   -0.046979 180651482.34            0.286890           -0.189255           -0.008404
2282    0.0000    249.93    5.32    9.39    0.00   69.36    0.00           0.00       44782.64           0.00           0.00        3628.72           0.00   353.69  1622.56   388.24   1.0019   1.3046   0.4370   0.3704   0.1681   0.0467   0.0116  -0.0329  -0.0451  -0.0986   2.2051   1.8891   8.0976    0.062102   -0.044482 193297086.11            0.284366           -0.197464           -0.008485
2283    0.0000    246.72    5.32    9.30    0.00   69.76    0.00           0.00       46580.53           0.00           0.00        3775.25           0.00   353.68  1615.54   388.29   1.0033   1.3044   0.4342   0.3705   0.1672   0.0465   0.0116  -0.0329  -0.0451  -0.0986   2.2014   1.8865   8.0976    0.061433   -0.042104 206827882.14            0.282146           -0.199033           -0.008317
2284    0.0000    248.19    5.32    9.34    0.00   69.58    0.00           0.00       45746.19           0.00           0.00        3707.25           0.00   353.67  1608.86   388.34   1.0047   1.3043   0.4316   0.3707   0.1663   0.0464   0.0116  -0.0329  -0.0451  -0.0986   2.1978   1.8840   8.0976    0.060766   -0.039869 221305833.89            0.280222           -0.197576           -0.008176
2285    0.0000    244.74    5.32    9.25    0.00   70.00    0.00           0.00       47726.71           0.00           0.00        3868.67           0.00   353.66  1602.44   388.39   1.0059   1.3042   0.4291   0.3708   0.1655   0.0462   0.0117  -0.0329  -0.0451  -0.0986   2.1944   1.8815   8.0977    0.060103   -0.037750 236797242.26            0.278479           -0.195475           -0.008039
2286    0.0000    244.74    5.32    9.25    0.00   70.00    0.00           0.00       47726.71           0.00           0.00        3868.67           0.00   353.65  1596.01   388.43   1.0072   1.3040   0.4266   0.3710   0.1647   0.0461   0.0117  -0.0329  -0.0451  -0.0986   2.1909   1.8790   8.0977    0.059442   -0.035731 253373049.22            0.276818           -0.193667           -0.007987
2287    0.0000    244.74    5.32    9.25    0.00   70.00    0.00           0.00       47726.71           0.00           0.00        3868.67           0.00   353.64  1590.15   388.48   1.0084   1.3038   0.4243   0.3711   0.1639   0.0459   0.0117  -0.0329  -0.0451  -0.0986   2.1878   1.8765   8.0977    0.058787   -0.033832 271109162.66            0.275278           -0.191355           -0.007791
2288    0.0000    244.74    5.32    9.25    0.00   70.00    0.00           0.00       47726.71           0.00           0.00        3868.67           0.00   353.62  1584.82   388.53   1.0095   1.3036   0.4222   0.3712   0.1632   0.0458   0.0117  -0.0329  -0.0451  -0.0986   2.1848   1.8741   8.0977    0.058140   -0.032076 290086804.05            0.273964           -0.187357           -0.007540
2289    0.0000    244.74    5.32    9.25    0.00   70.00    0.00           0.00       47726.71           0.00           0.00        3868.67           0.00   353.61  1579.98   388.58   1.0105   1.3034   0.4203   0.3714   0.1625   0.0456   0.0117  -0.0329  -0.0451  -0.0986   2.1822   1.8718   8.0977    0.057503   -0.030464 310392880.33            0.272880           -0.182268           -0.007259
2290    0.0000    244.74    5.32    9.25    0.00   70.00    0.00           0.00       47726.71           0.00           0.00        3868.67           0.00   353.60  1575.58   388.62   1.0114   1.3032   0.4185   0.3715   0.1619   0.0454   0.0117  -0.0329  -0.0451  -0.0986   2.1797   1.8696   8.0977    0.056877   -0.028989 332120381.95            0.272012           -0.176471           -0.006963
2291    0.0000    244.74    5.32    9.25    0.00   70.00    0.00           0.00       47726.71           0.00           0.00        3868.67           0.00   353.59  1571.58   388.67   1.0122   1.3030   0.4169   0.3716   0.1614   0.0453   0.0117  -0.0329  -0.0451  -0.0986   2.1775   1.8674   8.0977    0.056262   -0.027638 355368808.69            0.271339           -0.170258           -0.006664
2292    0.0000    244.74    5.32    9.25    0.00   70.00    0.00           0.00       47726.71           0.00           0.00        3868.67           0.00   353.57  1567.94   388.71   1.0130   1.3028   0.4155   0.3718   0.1609   0.0451   0.0118  -0.0329  -0.0451  -0.0986   2.1754   1.8653   8.0977    0.055660   -0.026398 380244625.30            0.270839           -0.163833           -0.006367
2293    0.0000    244.74    5.32    9.25    0.00   70.00    0.00           0.00       47726.71           0.00           0.00        3868.67           0.00   353.56  1564.64   388.76   1.0137   1.3026   0.4142   0.3719   0.1605   0.0450   0.0118  -0.0329  -0.0451  -0.0986   2.1735   1.8634   8.0978    0.055069   -0.025257 406861749.07            0.270490           -0.157327           -0.006074
2294    0.0000    244.74    5.32    9.25    0.00   70.00    0.00           0.00       47726.71           0.00           0.00        3868.67           0.00   353.54  1561.63   388.80   1.0143   1.3024   0.4130   0.3720   0.1601   0.0449   0.0118  -0.0329  -0.0451  -0.0986   2.1718   1.8615   8.0978    0.054489   -0.024203 435342071.51            0.270273           -0.150834           -0.005789
2295    0.0000    244.74    5.32    9.25    0.00   70.00    0.00           0.00       47726.71           0.00           0.00        3868.67           0.00   353.53  1558.90   388.85   1.0148   1.3022   0.4119   0.3721   0.1597   0.0447   0.0118  -0.0329  -0.0451  -0.0986   2.1702   1.8597   8.0978    0.053921   -0.023225 465816016.51            0.270173           -0.144421           -0.005512
2296    0.0000    244.74    5.32    9.25    0.00   70.00    0.00           0.00       47726.71           0.00           0.00        3868.67           0.00   353.52  1556.42   388.89   1.0154   1.3020   0.4109   0.3723   0.1594   0.0446   0.0118  -0.0329  -0.0451  -0.0986   2.1687   1.8579   8.0978    0.053363   -0.022313 498423137.67            0.270174           -0.138140           -0.005246
2297    0.0000    244.74    5.32    9.25    0.00   70.00    0.00           0.00       47726.71           0.00           0.00        3868.67           0.00   353.50  1554.16   388.93   1.0158   1.3018   0.4100   0.3724   0.1591   0.0444   0.0118  -0.0329  -0.0451  -0.0986   2.1673   1.8563   8.0978    0.052816   -0.021459 533312757.30            0.270262           -0.132024           -0.004990
2298    0.0000    244.74    5.32    9.25    0.00   70.00    0.00           0.00       47726.71           0.00           0.00        3868.67           0.00   353.49  1552.11   388.97   1.0163   1.3015   0.4092   0.3725   0.1588   0.0443   0.0118  -0.0329  -0.0451  -0.0986   2.1660   1.8547   8.0978    0.052279   -0.020656 570644650.31            0.270424           -0.126101           -0.004745
2299    0.0000    244.74    5.32    9.25    0.00   70.00    0.00           0.00       47726.71           0.00           0.00        3868.67           0.00   353.47  1550.25   389.02   1.0167   1.3013   0.4085   0.3726   0.1585   0.0442   0.0119  -0.0329  -0.0451  -0.0986   2.1649   1.8532   8.0978    0.051751   -0.019898 610589775.84            0.270650           -0.120388           -0.004511
2300    0.0000    244.74    5.32    9.25    0.00   70.00    0.00           0.00       47726.71           0.00           0.00        3868.67           0.00   353.46  1548.56   389.06   1.0170   1.3011   0.4078   0.3728   0.1583   0.0440   0.0119  -0.0329  -0.0451  -0.0986   2.1638   1.8518   8.0979    0.051233   -0.019178 653331060.14            0.270929           -0.114895           -0.004289
2301    0.0000    244.74    5.32    9.25    0.00   70.00    0.00           0.00       47726.71           0.00           0.00        3868.67           0.00   353.44  1547.02   389.10   1.0173   1.3008   0.4072   0.3729   0.1581   0.0439   0.0119  -0.0329  -0.0451  -0.0986   2.1628   1.8504   8.0979    0.050723   -0.018492 699064234.35            0.271253           -0.109629           -0.004078
2302    0.0000    244.74    5.32    9.25    0.00   70.00    0.00           0.00       47726.71           0.00           0.00        3868.67           0.00   353.43  1545.62   389.14   1.0176   1.3006   0.4066   0.3730   0.1579   0.0438   0.0119  -0.0329  -0.0451  -0.0986   2.1619   1.8491   8.0979    0.050220   -0.017836 747998730.76            0.271614           -0.104593           -0.003877
2303    0.0000    244.74    5.32    9.25    0.00   70.00    0.00           0.00       47726.71           0.00           0.00        3868.67           0.00   353.41  1544.35   389.18   1.0179   1.3004   0.4061   0.3731   0.1577   0.0436   0.0119  -0.0329  -0.0451  -0.0986   2.1610   1.8479   8.0979    0.049725   -0.017206 800358641.91            0.272005           -0.099786           -0.003688
2304    0.0000    244.74    5.32    9.25    0.00   70.00    0.00           0.00       47726.71           0.00           0.00        3868.67           0.00   353.39  1543.19   389.22   1.0181   1.3002   0.4056   0.3732   0.1576   0.0435   0.0119  -0.0329  -0.0451  -0.0986   2.1602   1.8467   8.0979    0.049237   -0.016599 856383746.85            0.272419           -0.095206           -0.003508
2305    0.0000    244.74    5.32    9.25    0.00   70.00    0.00           0.00       47726.71           0.00           0.00        3868.67           0.00   353.38  1542.15   389.26   1.0184   1.2999   0.4052   0.3733   0.1574   0.0434   0.0119  -0.0329  -0.0451  -0.0986   2.1594   1.8456   8.0979    0.048756   -0.016011 916330609.13            0.272853           -0.090848           -0.003339
2306    0.0000    244.74    5.32    9.25    0.00   70.00    0.00           0.00       47726.71           0.00           0.00        3868.67           0.00   353.36  1541.19   389.30   1.0186   1.2997   0.4048   0.3735   0.1573   0.0432   0.0120  -0.0329  -0.0451  -0.0986   2.1587   1.8445   8.0980    0.048280   -0.015440 980473751.76            0.273300           -0.086706           -0.003179
2307    0.0000    244.74    5.32    9.25    0.00   70.00    0.00           0.00       47726.71           0.00           0.00        3868.67           0.00   353.35  1540.33   389.34   1.0187   1.2995   0.4045   0.3736   0.1572   0.0431   0.0120  -0.0329  -0.0451  -0.0986   2.1581   1.8435   8.0980    0.047810   -0.0148851049106914.39            0.273757           -0.082774           -0.003028
2308    0.0000    244.74    5.32    9.25    0.00   70.00    0.00           0.00       47726.71           0.00           0.00        3868.67           0.00   353.33  1539.54   389.38   1.0189   1.2992   0.4042   0.3737   0.1571   0.0430   0.0120  -0.0329  -0.0451  -0.0986   2.1575   1.8425   8.0980    0.047345   -0.0143421122544398.40            0.274219           -0.079044           -0.002885
2309    0.0000    244.74    5.32    9.25    0.00   70.00    0.00           0.00       47726.71           0.00           0.00        3868.67           0.00   353.32  1538.83   389.42   1.0191   1.2990   0.4039   0.3738   0.1570   0.0429   0.0120  -0.0329  -0.0451  -0.0986   2.1569   1.8416   8.0980    0.046885   -0.0138111201122506.28            0.274685           -0.075509           -0.002751
2310    0.0000    244.74    5.32    9.25    0.00   70.00    0.00           0.00       47726.71           0.00           0.00        3868.67           0.00   353.30  1538.18   389.46   1.0192   1.2987   0.4036   0.3739   0.1569   0.0428   0.0120  -0.0329  -0.0451  -0.0986   2.1563   1.8407   8.0980    0.046429   -0.0132891285201081.72            0.275150           -0.072159           -0.002625
2311    0.0000    244.74    5.32    9.25    0.00   70.00    0.00           0.00       47726.71           0.00           0.00        3868.67           0.00   353.29  1537.59   389.50   1.0193   1.2985   0.4034   0.3740   0.1568   0.0426   0.0120  -0.0329  -0.0451  -0.0986   2.1558   1.8399   8.0980    0.045977   -0.0127761375165157.44            0.275613           -0.068988           -0.002505
2312    0.0000    244.74    5.32    9.25    0.00   70.00    0.00           0.00       47726.71           0.00           0.00        3868.67           0.00   353.27  1537.05   389.53   1.0194   1.2983   0.4032   0.3741   0.1567   0.0425   0.0121  -0.0329  -0.0451  -0.0986   2.1553   1.8390   8.0980    0.045528   -0.0122701471426718.46            0.276071           -0.065987           -0.002393
2313    0.0000    244.74    5.32    9.25    0.00   70.00    0.00           0.00       47726.71           0.00           0.00        3868.67           0.00   353.25  1536.57   389.57   1.0195   1.2980   0.4030   0.3742   0.1567   0.0424   0.0121  -0.0329  -0.0451  -0.0986   2.1549   1.8383   8.0981    0.045082   -0.0117701574426588.76            0.276524           -0.063147           -0.002288
2314    0.0000    244.74    5.32    9.25    0.00   70.00    0.00           0.00       47726.71           0.00           0.00        3868.67           0.00   353.24  1536.12   389.61   1.0196   1.2978   0.4028   0.3743   0.1566   0.0423   0.0121  -0.0329  -0.0451  -0.0986   2.1544   1.8375   8.0981    0.044639   -0.0112761684636449.97            0.276968           -0.060461           -0.002188
2315    0.0000    244.74    5.32    9.25    0.00   70.00    0.00           0.00       47726.71           0.00           0.00        3868.67           0.00   353.22  1535.72   389.64   1.0197   1.2976   0.4027   0.3744   0.1566   0.0422   0.0121  -0.0329  -0.0451  -0.0986   2.1540   1.8368   8.0981    0.044198   -0.0107861802561001.47            0.277404           -0.057920           -0.002094
2316    0.0000    244.74    5.32    9.25    0.00   70.00    0.00           0.00       47726.71           0.00           0.00        3868.67           0.00   353.21  1535.36   389.68   1.0198   1.2973   0.4025   0.3745   0.1565   0.0421   0.0121  -0.0329  -0.0451  -0.0986   2.1536   1.8361   8.0981    0.043760   -0.0103001928740271.57            0.277829           -0.055518           -0.002006
2317    0.0000    244.74    5.32    9.25    0.00   70.00    0.00           0.00       47726.71           0.00           0.00        3868.67           0.00   353.19  1535.03   389.72   1.0199   1.2971   0.4024   0.3746   0.1565   0.0419   0.0121  -0.0329  -0.0451  -0.0986   2.1532   1.8355   8.0981    0.043323   -0.0098172063752090.58            0.278243           -0.053246           -0.001923
2318    0.0000    244.74    5.32    9.25    0.00   70.00    0.00           0.00       47726.71           0.00           0.00        3868.67           0.00   353.18  1534.72   389.75   1.0199   1.2968   0.4023   0.3747   0.1564   0.0418   0.0121  -0.0329  -0.0451  -0.0986   2.1529   1.8349   8.0981    0.042888   -0.0093372208214736.92            0.278646           -0.051098           -0.001845
2319    0.0000    244.74    5.32    9.25    0.00   70.00    0.00           0.00       47726.71           0.00           0.00        3868.67           0.00   353.16  1534.45   389.79   1.0200   1.2966   0.4021   0.3748   0.1564   0.0417   0.0122  -0.0329  -0.0451  -0.0986   2.1525   1.8343   8.0982    0.042455   -0.0088602362789768.51            0.279037           -0.049067           -0.001771
2320    0.0000    244.74    5.32    9.25    0.00   70.00    0.00           0.00       47726.71           0.00           0.00        3868.67           0.00   353.14  1534.20   389.82   1.0200   1.2964   0.4020   0.3749   0.1564   0.0416   0.0122  -0.0329  -0.0451  -0.0986   2.1522   1.8337   8.0982    0.042023   -0.0083842528185052.30            0.279414           -0.047147           -0.001702
2321    0.0000    244.74    5.32    9.25    0.00   70.00    0.00           0.00       47726.71           0.00           0.00        3868.67           0.00   353.13  1533.98   389.86   1.0201   1.2961   0.4019   0.3750   0.1563   0.0415   0.0122  -0.0329  -0.0451  -0.0986   2.1519   1.8331   8.0982    0.041591   -0.0079112705158005.96            0.279779           -0.045330           -0.001636
2322    0.0000    244.74    5.32    9.25    0.00   70.00    0.00           0.00       47726.71           0.00           0.00        3868.67           0.00   353.11  1533.77   389.89   1.0201   1.2959   0.4019   0.3751   0.1563   0.0414   0.0122  -0.0329  -0.0451  -0.0986   2.1515   1.8326   8.0982    0.041161   -0.0074382894519066.38            0.280130           -0.043612           -0.001575
2323    0.0000    244.74    5.32    9.25    0.00   70.00    0.00           0.00       47726.71           0.00           0.00        3868.67           0.00   353.10  1533.58   389.92   1.0202   1.2956   0.4018   0.3752   0.1563   0.0413   0.0122  -0.0329  -0.0451  -0.0986   2.1512   1.8321   8.0982    0.040731   -0.0069673097135401.03            0.280468           -0.041986           -0.001517
2324    0.0000    244.74    5.32    9.25    0.00   70.00    0.00           0.00       47726.71           0.00           0.00        3868.67           0.00   353.08  1533.41   389.96   1.0202   1.2954   0.4017   0.3753   0.1562   0.0412   0.0122  -0.0329  -0.0451  -0.0986   2.1509   1.8316   8.0982    0.040301   -0.0064973313934879.10            0.280792           -0.040447           -0.001462
2325    0.0000    244.74    5.32    9.25    0.00   70.00    0.00           0.00       47726.71           0.00           0.00        3868.67           0.00   353.06  1533.26   389.99   1.0202   1.2952   0.4017   0.3754   0.1562   0.0411   0.0122  -0.0329  -0.0451  -0.0986   2.1506   1.8311   8.0983    0.039872   -0.0060283545910320.64            0.281103           -0.038991           -0.001410
2326    0.0000    244.74    5.32    9.25    0.00   70.00    0.00           0.00       47726.71           0.00           0.00        3868.67           0.00   353.05  1533.12   390.02   1.0203   1.2949   0.4016   0.3755   0.1562   0.0410   0.0123  -0.0329  -0.0451  -0.0986   2.1504   1.8306   8.0983    0.039443   -0.0055603794124043.08            0.281400           -0.037612           -0.001361
2327    0.0000    244.74    5.32    9.25    0.00   70.00    0.00           0.00       47726.71           0.00           0.00        3868.67           0.00   353.03  1532.99   390.06   1.0203   1.2947   0.4016   0.3756   0.1562   0.0409   0.0123  -0.0329  -0.0451  -0.0986   2.1501   1.8302   8.0983    0.039014   -0.0050924059712726.10            0.281683           -0.036307           -0.001315
2328    0.0000    244.74    5.32    9.25    0.00   70.00    0.00           0.00       47726.71           0.00           0.00        3868.67           0.00   353.02  1532.88   390.09   1.0203   1.2944   0.4015   0.3757   0.1562   0.0408   0.0123  -0.0329  -0.0451  -0.0986   2.1498   1.8298   8.0983    0.038584   -0.0046254343892616.92            0.281953           -0.035070           -0.001272
2329    0.0000    244.74    5.32    9.25    0.00   70.00    0.00           0.00       47726.71           0.00           0.00        3868.67           0.00   353.00  1532.77   390.12   1.0204   1.2942   0.4015   0.3758   0.1562   0.0407   0.0123  -0.0329  -0.0451  -0.0986   2.1496   1.8293   8.0983    0.038155   -0.0041594647965100.11            0.282209           -0.033897           -0.001231
2330    0.0000    244.74    5.32    9.25    0.00   70.00    0.00           0.00       47726.71           0.00           0.00        3868.67           0.00   352.98  1532.68   390.15   1.0204   1.2940   0.4014   0.3759   0.1561   0.0406   0.0123  -0.0329  -0.0451  -0.0986   2.1493   1.8289   8.0983    0.037726   -0.0036934973322657.11            0.282453           -0.032786           -0.001192
2331    0.0000    244.74    5.32    9.25    0.00   70.00    0.00           0.00       47726.71           0.00           0.00        3868.67           0.00   352.97  1532.59   390.19   1.0204   1.2937   0.4014   0.3760   0.1561   0.0405   0.0123  -0.0329  -0.0451  -0.0986   2.1490   1.8285   8.0984    0.037296   -0.0032285321455243.11            0.282683           -0.031731           -0.001155
2332    0.0000    244.74    5.32    9.25    0.00   70.00    0.00           0.00       47726.71           0.00           0.00        3868.67           0.00   352.95  1532.51   390.22   1.0204   1.2935   0.4014   0.3761   0.1561   0.0404   0.0123  -0.0329  -0.0451  -0.0986   2.1488   1.8282   8.0984    0.036865   -0.0027645693957110.13            0.282901           -0.030731           -0.001120
2333    0.0000    244.74    5.32    9.25    0.00   70.00    0.00           0.00       47726.71           0.00           0.00        3868.67           0.00   352.94  1532.44   390.25   1.0204   1.2932   0.4013   0.3762   0.1561   0.0403   0.0124  -0.0329  -0.0451  -0.0986   2.1485   1.8278   8.0984    0.036435   -0.0023006092534107.84            0.283107           -0.029782           -0.001087
2334    0.0000    244.74    5.32    9.25    0.00   70.00    0.00           0.00       47726.71           0.00           0.00        3868.67           0.00   352.92  1532.38   390.28   1.0204   1.2930   0.4013   0.3762   0.1561   0.0402   0.0124  -0.0329  -0.0451  -0.0986   2.1483   1.8274   8.0984    0.036003   -0.0018376519011495.39            0.283300           -0.028880           -0.001056
2335    0.0000    244.74    5.32    9.25    0.00   70.00    0.00           0.00       47726.71           0.00           0.00        3868.67           0.00   352.90  1532.32   390.31   1.0204   1.2927   0.4013   0.3763   0.1561   0.0402   0.0124  -0.0329  -0.0451  -0.0986   2.1480   1.8271   8.0984    0.035571   -0.0013756975342300.07            0.283481           -0.028023           -0.001027
2336    0.0000    244.74    5.32    9.25    0.00   70.00    0.00           0.00       47726.71           0.00           0.00        3868.67           0.00   352.89  1532.27   390.34   1.0205   1.2925   0.4013   0.3764   0.1561   0.0401   0.0124  -0.0329  -0.0451  -0.0986   2.1478   1.8268   8.0984    0.035139   -0.0009137463616261.07            0.283650           -0.027209           -0.000999
2337    0.0000    244.74    5.32    9.25    0.00   70.00    0.00           0.00       47726.71           0.00           0.00        3868.67           0.00   352.87  1532.22   390.37   1.0205   1.2923   0.4012   0.3765   0.1561   0.0400   0.0124  -0.0329  -0.0451  -0.0986   2.1476   1.8264   8.0985    0.034706   -0.0004527986069399.35            0.283808           -0.026435           -0.000972
2338    0.0000    244.74    5.32    9.25    0.00   70.00    0.00           0.00       47726.71           0.00           0.00        3868.67           0.00   352.86  1532.17   390.40   1.0205   1.2920   0.4012   0.3766   0.1561   0.0399   0.0124  -0.0329  -0.0451  -0.0986   2.1473   1.8261   8.0985    0.034272    0.0000088545094257.30            0.283955           -0.025699           -0.000947
2339    0.0000    244.74    5.32    9.25    0.00   70.00    0.00           0.00       47726.71           0.00           0.00        3868.67           0.00   352.84  1532.13   390.43   1.0205   1.2918   0.4012   0.3767   0.1561   0.0398   0.0125  -0.0329  -0.0451  -0.0986   2.1471   1.8258   8.0985    0.033837    0.0004679143250855.31            0.284091           -0.024997           -0.000923
2340    0.0000    244.74    5.32    9.25    0.00   70.00    0.00           0.00       47726.71           0.00           0.00        3868.67           0.00   352.82  1532.10   390.46   1.0205   1.2915   0.4012   0.3768   0.1561   0.0397   0.0125  -0.0329  -0.0451  -0.0986   2.1469   1.8255   8.0985    0.033402    0.0009259783278415.18            0.284217           -0.024330           -0.000900
2341    0.0000    244.74    5.32    9.25    0.00   70.00    0.00           0.00       47726.71           0.00           0.00        3868.67           0.00   352.81  1532.06   390.49   1.0205   1.2913   0.4012   0.3768   0.1561   0.0396   0.0125  -0.0329  -0.0451  -0.0986   2.1466   1.8252   8.0985    0.032966    0.0013831.0468108E+10            0.284332           -0.023693           -0.000879
2342    0.0000    244.74    5.32    9.25    0.00   70.00    0.00           0.00       47726.71           0.00           0.00        3868.67           0.00   352.79  1532.03   390.51   1.0205   1.2910   0.4012   0.3769   0.1561   0.0395   0.0125  -0.0329  -0.0451  -0.0986   2.1464   1.8249   8.0985    0.032530    0.0018391.1200875E+10            0.284437           -0.023087           -0.000858
2343    0.0000    244.74    5.32    9.25    0.00   70.00    0.00           0.00       47726.71           0.00           0.00        3868.67           0.00   352.77  1532.01   390.54   1.0205   1.2908   0.4012   0.3770   0.1561   0.0395   0.0125  -0.0329  -0.0451  -0.0986   2.1462   1.8246   8.0985    0.032092    0.0022941.1984937E+10            0.284532           -0.022508           -0.000838
2344    0.0000    244.74    5.32    9.25    0.00   70.00    0.00           0.00       47726.71           0.00           0.00        3868.67           0.00   352.76  1531.98   390.57   1.0205   1.2905   0.4011   0.3771   0.1561   0.0394   0.0125  -0.0329  -0.0451  -0.0986   2.1459   1.8244   8.0986    0.031654    0.0027481.2823882E+10            0.284618           -0.021956           -0.000820
2345    0.0000    244.74    5.32    9.25    0.00   70.00    0.00           0.00       47726.71           0.00           0.00        3868.67           0.00   352.74  1531.96   390.60   1.0205   1.2903   0.4011   0.3772   0.1560   0.0393   0.0125  -0.0329  -0.0451  -0.0986   2.1457   1.8241   8.0986    0.031215    0.0032011.3721554E+10            0.284695           -0.021429           -0.000802
2346    0.0000    244.74    5.32    9.25    0.00   70.00    0.00           0.00       47726.71           0.00           0.00        3868.67           0.00   352.73  1531.94   390.63   1.0205   1.2900   0.4011   0.3772   0.1560   0.0392   0.0126  -0.0329  -0.0451  -0.0986   2.1455   1.8238   8.0986    0.030776    0.0036531.4682063E+10            0.284762           -0.020925           -0.000785
2347    0.0000    244.74    5.32    9.25    0.00   70.00    0.00           0.00       47726.71           0.00           0.00        3868.67           0.00   352.71  1531.92   390.65   1.0205   1.2898   0.4011   0.3773   0.1560   0.0391   0.0126  -0.0329  -0.0451  -0.0986   2.1453   1.8236   8.0986    0.030335    0.0041031.5709807E+10            0.284821           -0.020443           -0.000769
2348    0.0000    244.74    5.32    9.25    0.00   70.00    0.00           0.00       47726.71           0.00           0.00        3868.67           0.00   352.69  1531.90   390.68   1.0205   1.2896   0.4011   0.3774   0.1560   0.0391   0.0126  -0.0329  -0.0451  -0.0986   2.1450   1.8233   8.0986    0.029894    0.0045521.6809494E+10            0.284872           -0.019982           -0.000753
2349    0.0000    244.74    5.32    9.25    0.00   70.00    0.00           0.00       47726.71           0.00           0.00        3868.67           0.00   352.68  1531.89   390.71   1.0205   1.2893   0.4011   0.3775   0.1560   0.0390   0.0126  -0.0329  -0.0451  -0.0986   2.1448   1.8231   8.0986    0.029453    0.0049991.7986158E+10            0.284915           -0.019541           -0.000738
2350    0.0000    244.74    5.32    9.25    0.00   70.00    0.00           0.00       47726.71           0.00           0.00        3868.67           0.00   352.66  1531.87   390.73   1.0205   1.2891   0.4011   0.3775   0.1560   0.0389   0.0126  -0.0329  -0.0451  -0.0986   2.1446   1.8229   8.0987    0.029010    0.0054461.9245189E+10            0.284949           -0.019119           -0.000724
2351    0.0000    244.74    5.32    9.25    0.00   70.00    0.00           0.00       47726.71           0.00           0.00        3868.67           0.00   352.64  1531.86   390.76   1.0205   1.2888   0.4011   0.3776   0.1560   0.0388   0.0126  -0.0329  -0.0451  -0.0986   2.1444   1.8226   8.0987    0.028567    0.0058902.0592353E+10            0.284976           -0.018715           -0.000711
2352    0.0000    244.74    5.32    9.25    0.00   70.00    0.00           0.00       47726.71           0.00           0.00        3868.67           0.00   352.63  1531.85   390.78   1.0205   1.2886   0.4011   0.3777   0.1560   0.0388   0.0126  -0.0329  -0.0451  -0.0986   2.1442   1.8224   8.0987    0.028123    0.0063332.2033817E+10            0.284996           -0.018327           -0.000698
2353    0.0000    244.74    5.32    9.25    0.00   70.00    0.00           0.00       47726.71           0.00           0.00        3868.67           0.00   352.61  1531.84   390.81   1.0206   1.2883   0.4011   0.3778   0.1560   0.0387   0.0127  -0.0329  -0.0451  -0.0986   2.1439   1.8222   8.0987    0.027679    0.0067752.3576185E+10            0.285008           -0.017954           -0.000685
2354    0.0000    244.74    5.32    9.25    0.00   70.00    0.00           0.00       47726.71           0.00           0.00        3868.67           0.00   352.60  1531.83   390.84   1.0206   1.2881   0.4011   0.3778   0.1560   0.0386   0.0127  -0.0329  -0.0451  -0.0986   2.1437   1.8219   8.0987    0.027234    0.0072152.5226517E+10            0.285013           -0.017597           -0.000673
2355    0.0000    244.74    5.32    9.25    0.00   70.00    0.00           0.00       47726.71           0.00           0.00        3868.67           0.00   352.58  1531.82   390.86   1.0206   1.2878   0.4011   0.3779   0.1560   0.0385   0.0127  -0.0329  -0.0451  -0.0986   2.1435   1.8217   8.0987    0.026789    0.0076532.6992374E+10            0.285012           -0.017254           -0.000662
2356    0.0000    244.74    5.32    9.25    0.00   70.00    0.00           0.00       47726.71           0.00           0.00        3868.67           0.00   352.56  1531.81   390.89   1.0206   1.2876   0.4011   0.3780   0.1560   0.0385   0.0127  -0.0329  -0.0451  -0.0986   2.1433   1.8215   8.0988    0.026343    0.0080902.8881840E+10            0.285004           -0.016924           -0.000651
2357    0.0000    244.74    5.32    9.25    0.00   70.00    0.00           0.00       47726.71           0.00           0.00        3868.67           0.00   352.55  1531.81   390.91   1.0206   1.2873   0.4011   0.3781   0.1560   0.0384   0.0127  -0.0329  -0.0451  -0.0986   2.1431   1.8213   8.0988    0.025896    0.0085253.0903569E+10            0.284990           -0.016607           -0.000640
2358    0.0000    244.74    5.32    9.25    0.00   70.00    0.00           0.00       47726.71           0.00           0.00        3868.67           0.00   352.53  1531.80   390.94   1.0206   1.2871   0.4011   0.3781   0.1560   0.0383   0.0127  -0.0329  -0.0451  -0.0986   2.1428   1.8211   8.0988    0.025449    0.0089583.3066818E+10            0.284970           -0.016302           -0.000630
2359    0.0000    244.74    5.32    9.25    0.00   70.00    0.00           0.00       47726.71           0.00           0.00        3868.67           0.00   352.51  1531.79   390.96   1.0206   1.2869   0.4011   0.3782   0.1560   0.0383   0.0127  -0.0329  -0.0451  -0.0986   2.1426   1.8209   8.0988    0.025001    0.0093903.5381496E+10            0.284943           -0.016008           -0.000620
2360    0.0000    244.74    5.32    9.25    0.00   70.00    0.00           0.00       47726.71           0.00           0.00        3868.67           0.00   352.50  1531.79   390.98   1.0206   1.2866   0.4011   0.3783   0.1560   0.0382   0.0128  -0.0329  -0.0451  -0.0986   2.1424   1.8207   8.0988    0.024553    0.0098193.7858200E+10            0.284911           -0.015725           -0.000611
2361    0.0000    244.74    5.32    9.25    0.00   70.00    0.00           0.00       47726.71           0.00           0.00        3868.67           0.00   352.48  1531.78   391.01   1.0206   1.2864   0.4011   0.3783   0.1560   0.0381   0.0128  -0.0329  -0.0451  -0.0986   2.1422   1.8205   8.0988    0.024105    0.0102474.0508275E+10            0.284874           -0.015453           -0.000602
2362    0.0000    244.74    5.32    9.25    0.00   70.00    0.00           0.00       47726.71           0.00           0.00        3868.67           0.00   352.47  1531.78   391.03   1.0206   1.2861   0.4011   0.3784   0.1560   0.0380   0.0128  -0.0329  -0.0451  -0.0986   2.1420   1.8203   8.0989    0.023656    0.0106734.3343854E+10            0.284831           -0.015190           -0.000593
2363    0.0000    244.74    5.32    9.25    0.00   70.00    0.00           0.00       47726.71           0.00           0.00        3868.67           0.00   352.45  1531.77   391.06   1.0206   1.2859   0.4011   0.3785   0.1560   0.0380   0.0128  -0.0329  -0.0451  -0.0986   2.1418   1.8201   8.0989    0.023206    0.0110984.6377923E+10            0.284783           -0.014936           -0.000585
2364    0.0000    244.74    5.32    9.25    0.00   70.00    0.00           0.00       47726.71           0.00           0.00        3868.67           0.00   352.43  1531.77   391.08   1.0206   1.2856   0.4011   0.3785   0.1560   0.0379   0.0128  -0.0329  -0.0451  -0.0986   2.1415   1.8199   8.0989    0.022757    0.0115204.9624378E+10            0.284730           -0.014691           -0.000577
2365    0.0000    244.74    5.32    9.25    0.00   70.00    0.00           0.00       47726.71           0.00           0.00        3868.67           0.00   352.42  1531.77   391.10   1.0206   1.2854   0.4011   0.3786   0.1560   0.0378   0.0128  -0.0329  -0.0451  -0.0986   2.1413   1.8198   8.0989    0.022307    0.0119415.3098085E+10            0.284672           -0.014454           -0.000569
2366    0.0000    244.74    5.32    9.25    0.00   70.00    0.00           0.00       47726.71           0.00           0.00        3868.67           0.00   352.40  1531.76   391.12   1.0206   1.2851   0.4011   0.3787   0.1560   0.0378   0.0128  -0.0329  -0.0451  -0.0986   2.1411   1.8196   8.0989    0.021856    0.0123595.6814951E+10            0.284609           -0.014225           -0.000561
2367    0.0000    244.74    5.32    9.25    0.00   70.00    0.00           0.00       47726.71           0.00           0.00        3868.67           0.00   352.39  1531.76   391.15   1.0206   1.2849   0.4011   0.3787   0.1560   0.0377   0.0129  -0.0329  -0.0451  -0.0986   2.1409   1.8194   8.0989    0.021406    0.0127766.0791997E+10            0.284542           -0.014003           -0.000554
2368    0.0000    244.74    5.32    9.25    0.00   70.00    0.00           0.00       47726.71           0.00           0.00        3868.67           0.00   352.37  1531.76   391.17   1.0206   1.2847   0.4011   0.3788   0.1560   0.0377   0.0129  -0.0329  -0.0451  -0.0986   2.1407   1.8192   8.0990    0.020955    0.0131916.5047437E+10            0.284471           -0.013789           -0.000546
2369    0.0000    244.74    5.32    9.25    0.00   70.00    0.00           0.00       47726.71           0.00           0.00        3868.67           0.00   352.35  1531.76   391.19   1.0206   1.2844   0.4011   0.3789   0.1560   0.0376   0.0129  -0.0329  -0.0451  -0.0986   2.1405   1.8191   8.0990    0.020503    0.0136046.9600757E+10            0.284395           -0.013581           -0.000540
2370    0.0000    244.74    5.32    9.25    0.00   70.00    0.00           0.00       47726.71           0.00           0.00        3868.67           0.00   352.34  1531.76   391.21   1.0206   1.2842   0.4011   0.3789   0.1560   0.0375   0.0129  -0.0329  -0.0451  -0.0986   2.1402   1.8189   8.0990    0.020052    0.0140157.4472810E+10            0.284315           -0.013380           -0.000533
2371    0.0000    244.74    5.32    9.25    0.00   70.00    0.00           0.00       47726.71           0.00           0.00        3868.67           0.00   352.32  1531.75   391.24   1.0206   1.2839   0.4011   0.3790   0.1560   0.0375   0.0129  -0.0329  -0.0451  -0.0986   2.1400   1.8187   8.0990    0.019601    0.0144247.9685907E+10            0.284231           -0.013185           -0.000526
2372    0.0000    244.74    5.32    9.25    0.00   70.00    0.00           0.00       47726.71           0.00           0.00        3868.67           0.00   352.31  1531.75   391.26   1.0206   1.2837   0.4011   0.3790   0.1560   0.0374   0.0129  -0.0329  -0.0451  -0.0986   2.1398   1.8185   8.0990    0.019149    0.0148318.5263921E+10            0.284143           -0.012996           -0.000520
2373    0.0000    244.74    5.32    9.25    0.00   70.00    0.00           0.00       47726.71           0.00           0.00        3868.67           0.00   352.29  1531.75   391.28   1.0206   1.2834   0.4011   0.3791   0.1560   0.0373   0.0129  -0.0329  -0.0451  -0.0986   2.1396   1.8184   8.0990    0.018697    0.0152369.1232395E+10            0.284052           -0.012812           -0.000514
2374    0.0000    244.74    5.32    9.25    0.00   70.00    0.00           0.00       47726.71           0.00           0.00        3868.67           0.00   352.27  1531.75   391.30   1.0206   1.2832   0.4011   0.3792   0.1560   0.0373   0.0130  -0.0329  -0.0451  -0.0986   2.1394   1.8182   8.0991    0.018245    0.0156409.7618663E+10            0.283957           -0.012634           -0.000508
2375    0.0000    244.74    5.32    9.25    0.00   70.00    0.00           0.00       47726.71           0.00           0.00        3868.67           0.00   352.26  1531.75   391.32   1.0206   1.2830   0.4011   0.3792   0.1560   0.0372   0.0130  -0.0329  -0.0451  -0.0986   2.1392   1.8181   8.0991    0.017793    0.0160411.0445197E+11            0.283859           -0.012460           -0.000502
2376    0.0000    244.74    5.32    9.25    0.00   70.00    0.00           0.00       47726.71           0.00           0.00        3868.67           0.00   352.24  1531.75   391.34   1.0206   1.2827   0.4011   0.3793   0.1560   0.0372   0.0130  -0.0329  -0.0451  -0.0986   2.1390   1.8179   8.0991    0.017341    0.0164411.1176361E+11            0.283757           -0.012292           -0.000496
2377    0.0000    244.74    5.32    9.25    0.00   70.00    0.00           0.00       47726.71           0.00           0.00        3868.67           0.00   352.23  1531.75   391.36   1.0206   1.2825   0.4011   0.3793   0.1560   0.0371   0.0130  -0.0329  -0.0451  -0.0986   2.1387   1.8178   8.0991    0.016889    0.0168381.1958706E+11            0.283652           -0.012128           -0.000491
2378    0.0000    244.74    5.32    9.25    0.00   70.00    0.00           0.00       47726.71           0.00           0.00        3868.67           0.00   352.21  1531.74   391.38   1.0206   1.2822   0.4011   0.3794   0.1560   0.0371   0.0130  -0.0329  -0.0451  -0.0986   2.1385   1.8176   8.0991    0.016437    0.0172341.2795815E+11            0.283544           -0.011968           -0.000486
2379    0.0000    244.74    5.32    9.25    0.00   70.00    0.00           0.00       47726.71           0.00           0.00        3868.67           0.00   352.19  1531.74   391.40   1.0206   1.2820   0.4011   0.3795   0.1560   0.0370   0.0130  -0.0329  -0.0451  -0.0986   2.1383   1.8174   8.0991    0.015984    0.0176281.3691522E+11            0.283433           -0.011812           -0.000480
2380    0.0000    244.74    5.32    9.25    0.00   70.00    0.00           0.00       47726.71           0.00           0.00        3868.67           0.00   352.18  1531.74   391.42   1.0206   1.2817   0.4011   0.3795   0.1560   0.0369   0.0130  -0.0329  -0.0451  -0.0986   2.1381   1.8173   8.0992    0.015532    0.0180191.4649929E+11            0.283319           -0.011661           -0.000475
2381    0.0000    244.74    5.32    9.25    0.00   70.00    0.00           0.00       47726.71           0.00           0.00        3868.67           0.00   352.16  1531.74   391.44   1.0206   1.2815   0.4011   0.3796   0.1560   0.0369   0.0131  -0.0329  -0.0451  -0.0986   2.1379   1.8172   8.0992    0.015080    0.0184091.5675424E+11            0.283202           -0.011513           -0.000470
2382    0.0000    244.74    5.32    9.25    0.00   70.00    0.00           0.00       47726.71           0.00           0.00        3868.67           0.00   352.15  1531.74   391.46   1.0206   1.2813   0.4011   0.3796   0.1560   0.0368   0.0131  -0.0329  -0.0451  -0.0986   2.1377   1.8170   8.0992    0.014628    0.0187981.6772704E+11            0.283082           -0.011369           -0.000465
2383    0.0000    244.74    5.32    9.25    0.00   70.00    0.00           0.00       47726.71           0.00           0.00        3868.67           0.00   352.13  1531.74   391.48   1.0206   1.2810   0.4011   0.3797   0.1560   0.0368   0.0131  -0.0329  -0.0451  -0.0986   2.1375   1.8169   8.0992    0.014176    0.0191841.7946793E+11            0.282960           -0.011229           -0.000461
2384    0.0000    244.74    5.32    9.25    0.00   70.00    0.00           0.00       47726.71           0.00           0.00        3868.67           0.00   352.11  1531.74   391.50   1.0206   1.2808   0.4011   0.3797   0.1560   0.0367   0.0131  -0.0329  -0.0451  -0.0986   2.1373   1.8167   8.0992    0.013724    0.0195681.9203069E+11            0.282835           -0.011091           -0.000456
2385    0.0000    244.74    5.32    9.25    0.00   70.00    0.00           0.00       47726.71           0.00           0.00        3868.67           0.00   352.10  1531.74   391.52   1.0206   1.2806   0.4011   0.3798   0.1560   0.0367   0.0131  -0.0329  -0.0451  -0.0986   2.1370   1.8166   8.0992    0.013273    0.0199512.0547283E+11            0.282708           -0.010957           -0.000451
2386    0.0000    244.74    5.32    9.25    0.00   70.00    0.00           0.00       47726.71           0.00           0.00        3868.67           0.00   352.08  1531.74   391.54   1.0206   1.2803   0.4011   0.3798   0.1560   0.0366   0.0131  -0.0329  -0.0451  -0.0986   2.1368   1.8164   8.0993    0.012821    0.0203312.1985593E+11            0.282579           -0.010826           -0.000447
2387    0.0000    244.74    5.32    9.25    0.00   70.00    0.00           0.00       47726.71           0.00           0.00        3868.67           0.00   352.07  1531.74   391.56   1.0206   1.2801   0.4011   0.3799   0.1560   0.0366   0.0132  -0.0329  -0.0451  -0.0986   2.1366   1.8163   8.0993    0.012370    0.0207102.3524585E+11            0.282447           -0.010698           -0.000442
2388    0.0000    244.74    5.32    9.25    0.00   70.00    0.00           0.00       47726.71           0.00           0.00        3868.67           0.00   352.05  1531.74   391.58   1.0206   1.2798   0.4011   0.3800   0.1560   0.0365   0.0132  -0.0329  -0.0451  -0.0986   2.1364   1.8162   8.0993    0.011919    0.0210872.5171306E+11            0.282313           -0.010573           -0.000438
2389    0.0000    244.74    5.32    9.25    0.00   70.00    0.00           0.00       47726.71           0.00           0.00        3868.67           0.00   352.04  1531.74   391.60   1.0206   1.2796   0.4011   0.3800   0.1560   0.0365   0.0132  -0.0329  -0.0451  -0.0986   2.1362   1.8160   8.0993    0.011468    0.0214622.6933297E+11            0.282177           -0.010450           -0.000434
2390    0.0000    244.74    5.32    9.25    0.00   70.00    0.00           0.00       47726.71           0.00           0.00        3868.67           0.00   352.02  1531.74   391.61   1.0206   1.2794   0.4011   0.3801   0.1560   0.0364   0.0132  -0.0329  -0.0451  -0.0986   2.1360   1.8159   8.0993    0.011017    0.0218352.8818628E+11            0.282039           -0.010330           -0.000430
2391    0.0000    244.74    5.32    9.25    0.00   70.00    0.00           0.00       47726.71           0.00           0.00        3868.67           0.00   352.01  1531.74   391.63   1.0206   1.2791   0.4011   0.3801   0.1560   0.0364   0.0132  -0.0329  -0.0451  -0.0986   2.1358   1.8158   8.0993    0.010566    0.0222073.0835932E+11            0.281898           -0.010212           -0.000426
2392    0.0000    244.74    5.32    9.25    0.00   70.00    0.00           0.00       47726.71           0.00           0.00        3868.67           0.00   351.99  1531.74   391.65   1.0206   1.2789   0.4011   0.3802   0.1560   0.0363   0.0132  -0.0329  -0.0451  -0.0986   2.1356   1.8156   8.0993    0.010116    0.0225773.2994447E+11            0.281756           -0.010097           -0.000422
2393    0.0000    244.74    5.32    9.25    0.00   70.00    0.00           0.00       47726.71           0.00           0.00        3868.67           0.00   351.98  1531.74   391.67   1.0206   1.2787   0.4011   0.3802   0.1560   0.0363   0.0132  -0.0329  -0.0451  -0.0986   2.1354   1.8155   8.0994    0.009666    0.0229453.5304058E+11            0.281613           -0.009984           -0.000418
2394    0.0000    244.74    5.32    9.25    0.00   70.00    0.00           0.00       47726.71           0.00           0.00        3868.67           0.00   351.96  1531.74   391.68   1.0206   1.2784   0.4011   0.3803   0.1560   0.0362   0.0133  -0.0329  -0.0451  -0.0986   2.1352   1.8154   8.0994    0.009216    0.0233113.7775342E+11            0.281467           -0.009873           -0.000414
2395    0.0000    244.74    5.32    9.25    0.00   70.00    0.00           0.00       47726.71           0.00           0.00        3868.67           0.00   351.94  1531.74   391.70   1.0206   1.2782   0.4011   0.3803   0.1560   0.0362   0.0133  -0.0329  -0.0451  -0.0986   2.1350   1.8152   8.0994    0.008767    0.0236764.0419616E+11            0.281319           -0.009764           -0.000410
2396    0.0000    244.74    5.32    9.25    0.00   70.00    0.00           0.00       47726.71           0.00           0.00        3868.67           0.00   351.93  1531.74   391.72   1.0206   1.2780   0.4011   0.3804   0.1560   0.0361   0.0133  -0.0329  -0.0451  -0.0986   2.1348   1.8151   8.0994    0.008318    0.0240384.3248989E+11            0.281170           -0.009657           -0.000407
2397    0.0000    244.74    5.32    9.25    0.00   70.00    0.00           0.00       47726.71           0.00           0.00        3868.67           0.00   351.91  1531.74   391.74   1.0206   1.2777   0.4011   0.3804   0.1560   0.0361   0.0133  -0.0329  -0.0451  -0.0986   2.1346   1.8150   8.0994    0.007869    0.0243994.6276419E+11            0.281020           -0.009552           -0.000403
2398    0.0000    244.74    5.32    9.25    0.00   70.00    0.00           0.00       47726.71           0.00           0.00        3868.67           0.00   351.90  1531.74   391.75   1.0206   1.2775   0.4011   0.3805   0.1560   0.0360   0.0133  -0.0329  -0.0451  -0.0986   2.1344   1.8149   8.0994    0.007421    0.0247594.9515768E+11            0.280868           -0.009448           -0.000399
2399    0.0000    244.74    5.32    9.25    0.00   70.00    0.00           0.00       47726.71           0.00           0.00        3868.67           0.00   351.88  1531.74   391.77   1.0206   1.2773   0.4011   0.3805   0.1560   0.0360   0.0133  -0.0329  -0.0451  -0.0986   2.1341   1.8148   8.0995    0.006973    0.0251175.2981872E+11            0.280714           -0.009347           -0.000396
2400    0.0000    244.74    5.32    9.25    0.00   70.00    0.00           0.00       47726.71           0.00           0.00        3868.67           0.00   351.87  1531.74   391.79   1.0206   1.2771   0.4011   0.3806   0.1560   0.0359   0.0133  -0.0329  -0.0451  -0.0986   2.1339   1.8146   8.0995    0.006525    0.0254735.6690603E+11            0.280559           -0.009247           -0.000392
2401    0.0000    244.74    5.32    9.25    0.00   70.00    0.00           0.00       47726.71           0.00           0.00        3868.67           0.00   351.85  1531.74   391.80   1.0206   1.2768   0.4011   0.3806   0.1560   0.0359   0.0134  -0.0329  -0.0451  -0.0986   2.1337   1.8145   8.0995    0.006078    0.0258276.0658945E+11            0.280403           -0.009149           -0.000389
2402    0.0000    244.74    5.32    9.25    0.00   70.00    0.00           0.00       47726.71           0.00           0.00        3868.67           0.00   351.84  1531.74   391.82   1.0206   1.2766   0.4011   0.3807   0.1560   0.0358   0.0134  -0.0329  -0.0451  -0.0986   2.1335   1.8144   8.0995    0.005631    0.0261806.4905071E+11            0.280245           -0.009052           -0.000385
2403    0.0000    244.74    5.32    9.25    0.00   70.00    0.00           0.00       47726.71           0.00           0.00        3868.67           0.00   351.82  1531.74   391.84   1.0206   1.2764   0.4011   0.3807   0.1560   0.0358   0.0134  -0.0329  -0.0451  -0.0986   2.1333   1.8143   8.0995    0.005184    0.0265316.9448426E+11            0.280086           -0.008957           -0.000382
2404    0.0000    244.74    5.32    9.25    0.00   70.00    0.00           0.00       47726.71           0.00           0.00        3868.67           0.00   351.81  1531.74   391.85   1.0206   1.2761   0.4011   0.3807   0.1560   0.0357   0.0134  -0.0329  -0.0451  -0.0986   2.1331   1.8142   8.0995    0.004738    0.0268817.4309816E+11            0.279926           -0.008863           -0.000379
2405    0.0000    244.74    5.32    9.25    0.00   70.00    0.00           0.00       47726.71           0.00           0.00        3868.67           0.00   351.79  1531.74   391.87   1.0206   1.2759   0.4011   0.3808   0.1560   0.0357   0.0134  -0.0329  -0.0451  -0.0986   2.1329   1.8140   8.0995    0.004293    0.0272297.9511503E+11            0.279764           -0.008771           -0.000375
2406    0.0000    244.74    5.32    9.25    0.00   70.00    0.00           0.00       47726.71           0.00           0.00        3868.67           0.00   351.78  1531.74   391.88   1.0206   1.2757   0.4011   0.3808   0.1560   0.0357   0.0134  -0.0329  -0.0451  -0.0986   2.1327   1.8139   8.0996    0.003848    0.0275758.5077308E+11            0.279602           -0.008680           -0.000372
2407    0.0000    244.74    5.32    9.25    0.00   70.00    0.00           0.00       47726.71           0.00           0.00        3868.67           0.00   351.76  1531.74   391.90   1.0206   1.2755   0.4011   0.3809   0.1560   0.0356   0.0134  -0.0329  -0.0451  -0.0986   2.1325   1.8138   8.0996    0.003403    0.0279209.1032720E+11            0.279438           -0.008591           -0.000369
2408    0.0000    244.74    5.32    9.25    0.00   70.00    0.00           0.00       47726.71           0.00           0.00        3868.67           0.00   351.75  1531.74   391.92   1.0206   1.2752   0.4011   0.3809   0.1560   0.0356   0.0135  -0.0329  -0.0451  -0.0986   2.1323   1.8137   8.0996    0.002959    0.0282639.7405010E+11            0.279274           -0.008502           -0.000366
2409    0.0000    244.74    5.32    9.25    0.00   70.00    0.00           0.00       47726.71           0.00           0.00        3868.67           0.00   351.73  1531.74   391.93   1.0206   1.2750   0.4011   0.3810   0.1560   0.0355   0.0135  -0.0329  -0.0451  -0.0986   2.1321   1.8136   8.0996    0.002515    0.0286051.0422336E+12            0.279108           -0.008415           -0.000363
2410    0.0000    244.74    5.32    9.25    0.00   70.00    0.00           0.00       47726.71           0.00           0.00        3868.67           0.00   351.72  1531.74   391.95   1.0206   1.2748   0.4011   0.3810   0.1560   0.0355   0.0135  -0.0329  -0.0451  -0.0986   2.1319   1.8135   8.0996    0.002072    0.0289451.1151900E+12            0.278941           -0.008329           -0.000360
2411    0.0000    244.74    5.32    9.25    0.00   70.00    0.00           0.00       47726.71           0.00           0.00        3868.67           0.00   351.71  1531.74   391.96   1.0206   1.2746   0.4011   0.3811   0.1560   0.0354   0.0135  -0.0329  -0.0451  -0.0986   2.1318   1.8134   8.0996    0.001629    0.0292841.1932533E+12            0.278774           -0.008244           -0.000356
2412    0.0000    244.74    5.32    9.25    0.00   70.00    0.00           0.00       47726.71           0.00           0.00        3868.67           0.00   351.69  1531.74   391.98   1.0206   1.2744   0.4011   0.3811   0.1560   0.0354   0.0135  -0.0329  -0.0451  -0.0986   2.1316   1.8133   8.0996    0.001187    0.0296211.2767810E+12            0.278606           -0.008160           -0.000353
2413    0.0000    244.74    5.32    9.25    0.00   70.00    0.00           0.00       47726.71           0.00           0.00        3868.67           0.00   351.68  1531.74   391.99   1.0206   1.2741   0.4011   0.3811   0.1560   0.0354   0.0135  -0.0329  -0.0451  -0.0986   2.1314   1.8132   8.0997    0.000745    0.0299571.3661557E+12            0.278436           -0.008077           -0.000350
2414    0.0000    244.74    5.32    9.25    0.00   70.00    0.00           0.00       47726.71           0.00           0.00        3868.67           0.00   351.66  1531.74   392.01   1.0206   1.2739   0.4011   0.3812   0.1560   0.0353   0.0135  -0.0329  -0.0451  -0.0986   2.1312   1.8131   8.0997    0.000304    0.0302921.4617866E+12            0.278266           -0.007995           -0.000347
2415    0.0000    244.74    5.32    9.25    0.00   70.00    0.00           0.00       47726.71           0.00           0.00        3868.67           0.00   351.65  1531.74   392.02   1.0206   1.2737   0.4011   0.3812   0.1560   0.0353   0.0136  -0.0329  -0.0451  -0.0986   2.1310   1.8130   8.0997   -0.000136    0.0306251.5641116E+12            0.278096           -0.007914           -0.000345
2416    0.0000    244.74    5.32    9.25    0.00   70.00    0.00           0.00       47726.71           0.00           0.00        3868.67           0.00   351.63  1531.74   392.03   1.0206   1.2735   0.4011   0.3813   0.1560   0.0352   0.0136  -0.0329  -0.0451  -0.0986   2.1308   1.8129   8.0997   -0.000576    0.0309561.6735994E+12            0.277924           -0.007834           -0.000342
2417    0.0000    244.74    5.32    9.25    0.00   70.00    0.00           0.00       47726.71           0.00           0.00        3868.67           0.00   351.62  1531.74   392.05   1.0206   1.2733   0.4011   0.3813   0.1560   0.0352   0.0136  -0.0329  -0.0451  -0.0986   2.1306   1.8128   8.0997   -0.001016    0.0312861.7907514E+12            0.277752           -0.007755           -0.000339
2418    0.0000    244.74    5.32    9.25    0.00   70.00    0.00           0.00       47726.71           0.00           0.00        3868.67           0.00   351.60  1531.74   392.06   1.0206   1.2730   0.4011   0.3813   0.1560   0.0352   0.0136  -0.0329  -0.0451  -0.0986   2.1304   1.8127   8.0997   -0.001455    0.0316151.9161040E+12            0.277579           -0.007676           -0.000336
2419    0.0000    244.74    5.32    9.25    0.00   70.00    0.00           0.00       47726.71           0.00           0.00        3868.67           0.00   351.59  1531.74   392.08   1.0206   1.2728   0.4011   0.3814   0.1560   0.0351   0.0136  -0.0329  -0.0451  -0.0986   2.1302   1.8126   8.0998   -0.001893    0.0319422.0502313E+12            0.277406           -0.007599           -0.000333
2420    0.0000    244.74    5.32    9.25    0.00   70.00    0.00           0.00       47726.71           0.00           0.00        3868.67           0.00   351.58  1531.74   392.09   1.0206   1.2726   0.4011   0.3814   0.1560   0.0351   0.0136  -0.0329  -0.0451  -0.0986   2.1300   1.8125   8.0998   -0.002331    0.0322682.1937474E+12            0.277232           -0.007522           -0.000330
2421    0.0000    244.74    5.32    9.25    0.00   70.00    0.00           0.00       47726.71           0.00           0.00        3868.67           0.00   351.56  1531.74   392.10   1.0206   1.2724   0.4011   0.3815   0.1560   0.0350   0.0136  -0.0329  -0.0451  -0.0986   2.1298   1.8124   8.0998   -0.002768    0.0325932.3473098E+12            0.277057           -0.007446           -0.000327
2422    0.0000    244.74    5.32    9.25    0.00   70.00    0.00           0.00       47726.71           0.00           0.00        3868.67           0.00   351.55  1531.74   392.12   1.0206   1.2722   0.4011   0.3815   0.1560   0.0350   0.0137  -0.0329  -0.0451  -0.0986   2.1296   1.8123   8.0998   -0.003204    0.0329162.5116214E+12            0.276882           -0.007371           -0.000325
2423    0.0000    244.74    5.32    9.25    0.00   70.00    0.00           0.00       47726.71           0.00           0.00        3868.67           0.00   351.53  1531.74   392.13   1.0206   1.2720   0.4011   0.3815   0.1560   0.0350   0.0137  -0.0329  -0.0451  -0.0986   2.1294   1.8122   8.0998   -0.003640    0.0332382.6874349E+12            0.276706           -0.007297           -0.000322
2424    0.0000    244.74    5.32    9.25    0.00   70.00    0.00           0.00       47726.71           0.00           0.00        3868.67           0.00   351.52  1531.74   392.14   1.0206   1.2718   0.4011   0.3816   0.1560   0.0349   0.0137  -0.0329  -0.0451  -0.0986   2.1293   1.8121   8.0998   -0.004075    0.0335592.8755554E+12            0.276530           -0.007223           -0.000319
2425    0.0000    244.74    5.32    9.25    0.00   70.00    0.00           0.00       47726.71           0.00           0.00        3868.67           0.00   351.51  1531.74   392.16   1.0206   1.2716   0.4011   0.3816   0.1560   0.0349   0.0137  -0.0329  -0.0451  -0.0986   2.1291   1.8120   8.0998   -0.004510    0.0338783.0768443E+12            0.276353           -0.007150           -0.000316
2426    0.0000    244.74    5.32    9.25    0.00   70.00    0.00           0.00       47726.71           0.00           0.00        3868.67           0.00   351.49  1531.74   392.17   1.0206   1.2713   0.4011   0.3817   0.1560   0.0349   0.0137  -0.0329  -0.0451  -0.0986   2.1289   1.8119   8.0999   -0.004944    0.0341963.2922234E+12            0.276176           -0.007078           -0.000314
2427    0.0000    244.74    5.32    9.25    0.00   70.00    0.00           0.00       47726.71           0.00           0.00        3868.67           0.00   351.48  1531.74   392.18   1.0206   1.2711   0.4011   0.3817   0.1560   0.0348   0.0137  -0.0329  -0.0451  -0.0986   2.1287   1.8118   8.0999   -0.005378    0.0345133.5226790E+12            0.275998           -0.007006           -0.000311
2428    0.0000    244.74    5.32    9.25    0.00   70.00    0.00           0.00       47726.71           0.00           0.00        3868.67           0.00   351.46  1531.74   392.20   1.0206   1.2709   0.4011   0.3817   0.1560   0.0348   0.0137  -0.0329  -0.0451  -0.0986   2.1285   1.8117   8.0999   -0.005810    0.0348293.7692665E+12            0.275820           -0.006935           -0.000308
2429    0.0000    244.74    5.32    9.25    0.00   70.00    0.00           0.00       47726.71           0.00           0.00        3868.67           0.00   351.45  1531.74   392.21   1.0206   1.2707   0.4011   0.3818   0.1560   0.0348   0.0138  -0.0329  -0.0451  -0.0986   2.1283   1.8116   8.0999   -0.006242    0.0351434.0331152E+12            0.275642           -0.006864           -0.000306
2430    0.0000    244.74    5.32    9.25    0.00   70.00    0.00           0.00       47726.71           0.00           0.00        3868.67           0.00   351.44  1531.74   392.22   1.0206   1.2705   0.4011   0.3818   0.1560   0.0347   0.0138  -0.0329  -0.0451  -0.0986   2.1282   1.8115   8.0999   -0.006674    0.0354564.3154333E+12            0.275463           -0.006794           -0.000303
2431    0.0000    244.74    5.32    9.25    0.00   70.00    0.00           0.00       47726.71           0.00           0.00        3868.67           0.00   351.42  1531.74   392.24   1.0206   1.2703   0.4011   0.3818   0.1560   0.0347   0.0138  -0.0329  -0.0451  -0.0986   2.1280   1.8114   8.0999   -0.007105    0.0357684.6175136E+12            0.275284           -0.006725           -0.000301
2432    0.0000    244.74    5.32    9.25    0.00   70.00    0.00           0.00       47726.71           0.00           0.00        3868.67           0.00   351.41  1531.74   392.25   1.0206   1.2701   0.4011   0.3819   0.1560   0.0347   0.0138  -0.0329  -0.0451  -0.0986   2.1278   1.8113   8.0999   -0.007535    0.0360794.9407395E+12            0.275105           -0.006656           -0.000298
2433    0.0000    244.74    5.32    9.25    0.00   70.00    0.00           0.00       47726.71           0.00           0.00        3868.67           0.00   351.40  1531.74   392.26   1.0206   1.2699   0.4011   0.3819   0.1560   0.0346   0.0138  -0.0329  -0.0451  -0.0986   2.1276   1.8112   8.0999   -0.007964    0.0363885.2865913E+12            0.274925           -0.006588           -0.000295
2434    0.0000    244.74    5.32    9.25    0.00   70.00    0.00           0.00       47726.71           0.00           0.00        3868.67           0.00   351.38  1531.74   392.27   1.0206   1.2697   0.4011   0.3819   0.1560   0.0346   0.0138  -0.0329  -0.0451  -0.0986   2.1274   1.8112   8.1000   -0.008393    0.0366965.6566527E+12            0.274745           -0.006520           -0.000293
2435    0.0000    244.74    5.32    9.25    0.00   70.00    0.00           0.00       47726.71           0.00           0.00        3868.67           0.00   351.37  1531.74   392.28   1.0206   1.2695   0.4011   0.3820   0.1560   0.0346   0.0138  -0.0329  -0.0451  -0.0986   2.1272   1.8111   8.1000   -0.008821    0.0370036.0526184E+12            0.274565           -0.006453           -0.000290
2436    0.0000    244.74    5.32    9.25    0.00   70.00    0.00           0.00       47726.71           0.00           0.00        3868.67           0.00   351.36  1531.74   392.30   1.0206   1.2693   0.4011   0.3820   0.1560   0.0345   0.0139  -0.0329  -0.0451  -0.0986   2.1271   1.8110   8.1000   -0.009249    0.0373096.4763017E+12            0.274385           -0.006386           -0.000288
2437    0.0000    244.74    5.32    9.25    0.00   70.00    0.00           0.00       47726.71           0.00           0.00        3868.67           0.00   351.34  1531.74   392.31   1.0206   1.2691   0.4011   0.3820   0.1560   0.0345   0.0139  -0.0329  -0.0451  -0.0986   2.1269   1.8109   8.1000   -0.009675    0.0376146.9296428E+12            0.274204           -0.006320           -0.000285
2438    0.0000    244.74    5.32    9.25    0.00   70.00    0.00           0.00       47726.71           0.00           0.00        3868.67           0.00   351.33  1531.74   392.32   1.0206   1.2689   0.4011   0.3821   0.1560   0.0345   0.0139  -0.0329  -0.0451  -0.0986   2.1267   1.8108   8.1000   -0.010101    0.0379187.4147178E+12            0.274024           -0.006254           -0.000283
2439    0.0000    244.74    5.32    9.25    0.00   70.00    0.00           0.00       47726.71           0.00           0.00        3868.67           0.00   351.32  1531.73   392.33   1.0206   1.2687   0.4011   0.3821   0.1560   0.0344   0.0139  -0.0329  -0.0451  -0.0986   2.1265   1.8107   8.1000   -0.010527    0.0382207.9337480E+12            0.273843           -0.006188           -0.000280
2440    0.0000    244.74    5.32    9.25    0.00   70.00    0.00           0.00       47726.71           0.00           0.00        3868.67           0.00   351.30  1531.73   392.34   1.0206   1.2685   0.4011   0.3821   0.1560   0.0344   0.0139  -0.0329  -0.0451  -0.0986   2.1264   1.8107   8.1000   -0.010951    0.0385228.4891104E+12            0.273662           -0.006123           -0.000278
2441    0.0000    244.74    5.32    9.25    0.00   70.00    0.00           0.00       47726.71           0.00           0.00        3868.67           0.00   351.29  1531.73   392.35   1.0206   1.2683   0.4011   0.3822   0.1560   0.0344   0.0139  -0.0329  -0.0451  -0.0986   2.1262   1.8106   8.1001   -0.011375    0.0388229.0833481E+12            0.273481           -0.006059           -0.000275
2442    0.0000    244.74    5.32    9.25    0.00   70.00    0.00           0.00       47726.71           0.00           0.00        3868.67           0.00   351.28  1531.73   392.37   1.0206   1.2681   0.4011   0.3822   0.1560   0.0343   0.0139  -0.0329  -0.0451  -0.0986   2.1260   1.8105   8.1001   -0.011798    0.0391229.7191825E+12            0.273299           -0.005995           -0.000273
2443    0.0000    244.74    5.32    9.25    0.00   70.00    0.00           0.00       47726.71           0.00           0.00        3868.67           0.00   351.27  1531.73   392.38   1.0206   1.2679   0.4011   0.3822   0.1560   0.0343   0.0140  -0.0329  -0.0451  -0.0986   2.1258   1.8104   8.1001   -0.012221    0.0394201.0399525E+13            0.273118           -0.005931           -0.000270
2444    0.0000    244.74    5.32    9.25    0.00   70.00    0.00           0.00       47726.71           0.00           0.00        3868.67           0.00   351.25  1531.73   392.39   1.0206   1.2677   0.4011   0.3823   0.1560   0.0343   0.0140  -0.0329  -0.0451  -0.0986   2.1257   1.8103   8.1001   -0.012643    0.0397171.1127492E+13            0.272936           -0.005867           -0.000268
2445    0.0000    244.74    5.32    9.25    0.00   70.00    0.00           0.00       47726.71           0.00           0.00        3868.67           0.00   351.24  1531.73   392.40   1.0206   1.2675   0.4011   0.3823   0.1560   0.0342   0.0140  -0.0329  -0.0451  -0.0986   2.1255   1.8103   8.1001   -0.013064    0.0400131.1906416E+13            0.272755           -0.005804           -0.000266
2446    0.0000    244.74    5.32    9.25    0.00   70.00    0.00           0.00       47726.71           0.00           0.00        3868.67           0.00   351.23  1531.73   392.41   1.0206   1.2673   0.4011   0.3823   0.1560   0.0342   0.0140  -0.0329  -0.0451  -0.0986   2.1253   1.8102   8.1001   -0.013484    0.0403081.2739866E+13            0.272573           -0.005742           -0.000263
2447    0.0000    244.74    5.32    9.25    0.00   70.00    0.00           0.00       47726.71           0.00           0.00        3868.67           0.00   351.22  1531.73   392.42   1.0206   1.2671   0.4011   0.3824   0.1560   0.0342   0.0140  -0.0329  -0.0451  -0.0986   2.1252   1.8101   8.1001   -0.013904    0.0406021.3631656E+13            0.272391           -0.005679           -0.000261
2448    0.0000    244.74    5.32    9.25    0.00   70.00    0.00           0.00       47726.71           0.00           0.00        3868.67           0.00   351.20  1531.73   392.43   1.0206   1.2669   0.4011   0.3824   0.1560   0.0342   0.0140  -0.0329  -0.0451  -0.0986   2.1250   1.8100   8.1001   -0.014322    0.0408951.4585872E+13            0.272210           -0.005618           -0.000258
2449    0.0000    244.74    5.32    9.25    0.00   70.00    0.00           0.00       47726.71           0.00           0.00        3868.67           0.00   351.19  1531.73   392.44   1.0206   1.2668   0.4011   0.3824   0.1560   0.0341   0.0140  -0.0329  -0.0451  -0.0986   2.1248   1.8099   8.1002   -0.014741    0.0411871.5606883E+13            0.272028           -0.005556           -0.000256
2450    0.0000    244.74    5.32    9.25    0.00   70.00    0.00           0.00       47726.71           0.00           0.00        3868.67           0.00   351.18  1531.73   392.45   1.0206   1.2666   0.4011   0.3825   0.1560   0.0341   0.0141  -0.0329  -0.0451  -0.0986   2.1247   1.8099   8.1002   -0.015158    0.0414781.6699365E+13            0.271846           -0.005495           -0.000254
2451    0.0000    244.74    5.32    9.25    0.00   70.00    0.00           0.00       47726.71           0.00           0.00        3868.67           0.00   351.17  1531.73   392.46   1.0206   1.2664   0.4011   0.3825   0.1560   0.0341   0.0141  -0.0329  -0.0451  -0.0986   2.1245   1.8098   8.1002   -0.015575    0.0417681.7868321E+13            0.271664           -0.005434           -0.000251
2452    0.0000    244.74    5.32    9.25    0.00   70.00    0.00           0.00       47726.71           0.00           0.00        3868.67           0.00   351.15  1531.73   392.47   1.0206   1.2662   0.4011   0.3825   0.1560   0.0340   0.0141  -0.0329  -0.0451  -0.0986   2.1243   1.8097   8.1002   -0.015990    0.0420561.9119103E+13            0.271483           -0.005373           -0.000249
2453    0.0000    244.74    5.32    9.25    0.00   70.00    0.00           0.00       47726.71           0.00           0.00        3868.67           0.00   351.14  1531.73   392.48   1.0206   1.2660   0.4011   0.3825   0.1560   0.0340   0.0141  -0.0329  -0.0451  -0.0986   2.1242   1.8097   8.1002   -0.016406    0.0423442.0457440E+13            0.271301           -0.005313           -0.000247
2454    0.0000    244.74    5.32    9.25    0.00   70.00    0.00           0.00       47726.71           0.00           0.00        3868.67           0.00   351.13  1531.73   392.49   1.0206   1.2658   0.4011   0.3826   0.1560   0.0340   0.0141  -0.0329  -0.0451  -0.0986   2.1240   1.8096   8.1002   -0.016820    0.0426312.1889461E+13            0.271119           -0.005253           -0.000244
2455    0.0000    244.74    5.32    9.25    0.00   70.00    0.00           0.00       47726.71           0.00           0.00        3868.67           0.00   351.12  1531.73   392.50   1.0206   1.2656   0.4011   0.3826   0.1560   0.0340   0.0141  -0.0329  -0.0451  -0.0986   2.1238   1.8095   8.1002   -0.017234    0.0429172.3421723E+13            0.270938           -0.005193           -0.000242
2456    0.0000    244.74    5.32    9.25    0.00   70.00    0.00           0.00       47726.71           0.00           0.00        3868.67           0.00   351.10  1531.73   392.51   1.0206   1.2655   0.4011   0.3826   0.1560   0.0339   0.0141  -0.0329  -0.0451  -0.0986   2.1237   1.8094   8.1002   -0.017647    0.0432022.5061244E+13            0.270756           -0.005133           -0.000240
2457    0.0000    244.74    5.32    9.25    0.00   70.00    0.00           0.00       47726.71           0.00           0.00        3868.67           0.00   351.09  1531.73   392.52   1.0206   1.2653   0.4011   0.3827   0.1560   0.0339   0.0142  -0.0329  -0.0451  -0.0986   2.1235   1.8094   8.1003   -0.018059    0.0434872.6815531E+13            0.270575           -0.005074           -0.000237
2458    0.0000    244.74    5.32    9.25    0.00   70.00    0.00           0.00       47726.71           0.00           0.00        3868.67           0.00   351.08  1531.73   392.53   1.0206   1.2651   0.4011   0.3827   0.1560   0.0339   0.0142  -0.0329  -0.0451  -0.0986   2.1234   1.8093   8.1003   -0.018470    0.0437702.8692618E+13            0.270393           -0.005015           -0.000235
2459    0.0000    244.74    5.32    9.25    0.00   70.00    0.00           0.00       47726.71           0.00           0.00        3868.67           0.00   351.07  1531.73   392.54   1.0206   1.2649   0.4011   0.3827   0.1560   0.0339   0.0142  -0.0329  -0.0451  -0.0986   2.1232   1.8092   8.1003   -0.018881    0.0440523.0701102E+13            0.270212           -0.004957           -0.000233
2460    0.0000    244.74    5.32    9.25    0.00   70.00    0.00           0.00       47726.71           0.00           0.00        3868.67           0.00   351.06  1531.73   392.55   1.0206   1.2647   0.4011   0.3827   0.1560   0.0338   0.0142  -0.0329  -0.0451  -0.0986   2.1230   1.8092   8.1003   -0.019290    0.0443333.2850179E+13            0.270031           -0.004898           -0.000230
2461    0.0000    244.74    5.32    9.25    0.00   70.00    0.00           0.00       47726.71           0.00           0.00        3868.67           0.00   351.05  1531.73   392.56   1.0206   1.2645   0.4011   0.3828   0.1560   0.0338   0.0142  -0.0329  -0.0451  -0.0986   2.1229   1.8091   8.1003   -0.019700    0.0446143.5149691E+13            0.269850           -0.004840           -0.000228
2462    0.0000    244.74    5.32    9.25    0.00   70.00    0.00           0.00       47726.71           0.00           0.00        3868.67           0.00   351.03  1531.73   392.57   1.0206   1.2644   0.4011   0.3828   0.1560   0.0338   0.0142  -0.0329  -0.0451  -0.0986   2.1227   1.8090   8.1003   -0.020108    0.0448933.7610169E+13            0.269669           -0.004782           -0.000226
2463    0.0000    244.74    5.32    9.25    0.00   70.00    0.00           0.00       47726.71           0.00           0.00        3868.67           0.00   351.02  1531.73   392.58   1.0206   1.2642   0.4011   0.3828   0.1560   0.0338   0.0142  -0.0329  -0.0451  -0.0986   2.1226   1.8090   8.1003   -0.020515    0.0451724.0242881E+13            0.269488           -0.004725           -0.000224
2464    0.0000    244.74    5.32    9.25    0.00   70.00    0.00           0.00       47726.71           0.00           0.00        3868.67           0.00   351.01  1531.73   392.59   1.0206   1.2640   0.4011   0.3828   0.1560   0.0337   0.0143  -0.0329  -0.0451  -0.0986   2.1224   1.8089   8.1003   -0.020922    0.0454494.3059883E+13            0.269307           -0.004667           -0.000221
2465    0.0000    244.74    5.32    9.25    0.00   70.00    0.00           0.00       47726.71           0.00           0.00        3868.67           0.00   351.00  1531.73   392.60   1.0206   1.2638   0.4011   0.3829   0.1560   0.0337   0.0143  -0.0329  -0.0451  -0.0986   2.1223   1.8089   8.1004   -0.021328    0.0457264.6074075E+13            0.269127           -0.004610           -0.000219
2466    0.0000    244.74    5.32    9.25    0.00   70.00    0.00           0.00       47726.71           0.00           0.00        3868.67           0.00   350.99  1531.73   392.61   1.0206   1.2637   0.4011   0.3829   0.1560   0.0337   0.0143  -0.0329  -0.0451  -0.0986   2.1221   1.8088   8.1004   -0.021733    0.0460024.9299260E+13            0.268946           -0.004553           -0.000217
2467    0.0000    244.74    5.32    9.25    0.00   70.00    0.00           0.00       47726.71           0.00           0.00        3868.67           0.00   350.98  1531.73   392.62   1.0206   1.2635   0.4011   0.3829   0.1560   0.0337   0.0143  -0.0329  -0.0451  -0.0986   2.1219   1.8087   8.1004   -0.022138    0.0462775.2750208E+13            0.268766           -0.004496           -0.000215
2468    0.0000    244.74    5.32    9.25    0.00   70.00    0.00           0.00       47726.71           0.00           0.00        3868.67           0.00   350.96  1531.73   392.63   1.0206   1.2633   0.4011   0.3830   0.1560   0.0336   0.0143  -0.0329  -0.0451  -0.0986   2.1218   1.8087   8.1004   -0.022541    0.0465515.6442723E+13            0.268586           -0.004440           -0.000212
2469    0.0000    244.74    5.32    9.25    0.00   70.00    0.00           0.00       47726.71           0.00           0.00        3868.67           0.00   350.95  1531.73   392.63   1.0206   1.2632   0.4011   0.3830   0.1560   0.0336   0.0143  -0.0329  -0.0451  -0.0986   2.1216   1.8086   8.1004   -0.022944    0.0468256.0393713E+13            0.268406           -0.004384           -0.000210
2470    0.0000    244.74    5.32    9.25    0.00   70.00    0.00           0.00       47726.71           0.00           0.00        3868.67           0.00   350.94  1531.73   392.64   1.0206   1.2630   0.4011   0.3830   0.1560   0.0336   0.0143  -0.0329  -0.0451  -0.0986   2.1215   1.8086   8.1004   -0.023346    0.0470976.4621273E+13            0.268226           -0.004328           -0.000208
2471    0.0000    244.74    5.32    9.25    0.00   70.00    0.00           0.00       47726.71           0.00           0.00        3868.67           0.00   350.93  1531.73   392.65   1.0206   1.2628   0.4011   0.3830   0.1560   0.0336   0.0144  -0.0329  -0.0451  -0.0986   2.1213   1.8085   8.1004   -0.023748    0.0473696.9144763E+13            0.268047           -0.004272           -0.000206
2472    0.0000    244.74    5.32    9.25    0.00   70.00    0.00           0.00       47726.71           0.00           0.00        3868.67           0.00   350.92  1531.73   392.66   1.0206   1.2626   0.4011   0.3831   0.1560   0.0335   0.0144  -0.0329  -0.0451  -0.0986   2.1212   1.8084   8.1004   -0.024148    0.0476407.3984896E+13            0.267868           -0.004216           -0.000204
2473    0.0000    244.74    5.32    9.25    0.00   70.00    0.00           0.00       47726.71           0.00           0.00        3868.67           0.00   350.91  1531.73   392.67   1.0206   1.2625   0.4011   0.3831   0.1560   0.0335   0.0144  -0.0329  -0.0451  -0.0986   2.1211   1.8084   8.1004   -0.024548    0.0479107.9163839E+13            0.267689           -0.004161           -0.000201
2474    0.0000    244.74    5.32    9.25    0.00   70.00    0.00           0.00       47726.71           0.00           0.00        3868.67           0.00   350.90  1531.73   392.68   1.0206   1.2623   0.4011   0.3831   0.1560   0.0335   0.0144  -0.0329  -0.0451  -0.0986   2.1209   1.8083   8.1005   -0.024947    0.0481798.4705307E+13            0.267510           -0.004105           -0.000199
2475    0.0000    244.74    5.32    9.25    0.00   70.00    0.00           0.00       47726.71           0.00           0.00        3868.67           0.00   350.89  1531.73   392.69   1.0206   1.2621   0.4011   0.3831   0.1560   0.0335   0.0144  -0.0329  -0.0451  -0.0986   2.1208   1.8083   8.1005   -0.025345    0.0484479.0634679E+13            0.267331           -0.004050           -0.000197
2476    0.0000    244.74    5.32    9.25    0.00   70.00    0.00           0.00       47726.71           0.00           0.00        3868.67           0.00   350.88  1531.73   392.69   1.0206   1.2620   0.4011   0.3831   0.1560   0.0335   0.0144  -0.0329  -0.0451  -0.0986   2.1206   1.8082   8.1005   -0.025743    0.0487159.6979106E+13            0.267153           -0.003995           -0.000195
2477    0.0000    244.74    5.32    9.25    0.00   70.00    0.00           0.00       47726.71           0.00           0.00        3868.67           0.00   350.86  1531.73   392.70   1.0206   1.2618   0.4011   0.3832   0.1560   0.0334   0.0144  -0.0329  -0.0451  -0.0986   2.1205   1.8082   8.1005   -0.026139    0.0489821.0376764E+14            0.266974           -0.003941           -0.000193
2478    0.0000    244.74    5.32    9.25    0.00   70.00    0.00           0.00       47726.71           0.00           0.00        3868.67           0.00   350.85  1531.73   392.71   1.0206   1.2616   0.4011   0.3832   0.1560   0.0334   0.0144  -0.0329  -0.0451  -0.0986   2.1203   1.8081   8.1005   -0.026535    0.0492481.1103138E+14            0.266797           -0.003886           -0.000191
2479    0.0000    244.74    5.32    9.25    0.00   70.00    0.00           0.00       47726.71           0.00           0.00        3868.67           0.00   350.84  1531.73   392.72   1.0206   1.2615   0.4011   0.3832   0.1560   0.0334   0.0145  -0.0329  -0.0451  -0.0986   2.1202   1.8080   8.1005   -0.026930    0.0495131.1880358E+14            0.266619           -0.003832           -0.000188
2480    0.0000    244.74    5.32    9.25    0.00   70.00    0.00           0.00       47726.71           0.00           0.00        3868.67           0.00   350.83  1531.73   392.73   1.0206   1.2613   0.4011   0.3832   0.1560   0.0334   0.0145  -0.0329  -0.0451  -0.0986   2.1200   1.8080   8.1005   -0.027324    0.0497771.2711983E+14            0.266441           -0.003778           -0.000186
2481    0.0000    244.74    5.32    9.25    0.00   70.00    0.00           0.00       47726.71           0.00           0.00        3868.67           0.00   350.82  1531.73   392.73   1.0206   1.2612   0.4011   0.3833   0.1560   0.0334   0.0145  -0.0329  -0.0451  -0.0986   2.1199   1.8079   8.1005   -0.027718    0.0500411.3601821E+14            0.266264           -0.003724           -0.000184
2482    0.0000    244.74    5.32    9.25    0.00   70.00    0.00           0.00       47726.71           0.00           0.00        3868.67           0.00   350.81  1531.73   392.74   1.0206   1.2610   0.4011   0.3833   0.1560   0.0333   0.0145  -0.0329  -0.0451  -0.0986   2.1198   1.8079   8.1005   -0.028110    0.0503041.4553949E+14            0.266087           -0.003670           -0.000182
2483    0.0000    244.74    5.32    9.25    0.00   70.00    0.00           0.00       47726.71           0.00           0.00        3868.67           0.00   350.80  1531.73   392.75   1.0206   1.2608   0.4011   0.3833   0.1560   0.0333   0.0145  -0.0329  -0.0451  -0.0986   2.1196   1.8078   8.1006   -0.028502    0.0505661.5572725E+14            0.265911           -0.003617           -0.000180
2484    0.0000    244.74    5.32    9.25    0.00   70.00    0.00           0.00       47726.71           0.00           0.00        3868.67           0.00   350.79  1531.73   392.76   1.0206   1.2607   0.4011   0.3833   0.1560   0.0333   0.0145  -0.0329  -0.0451  -0.0986   2.1195   1.8078   8.1006   -0.028893    0.0508271.6662816E+14            0.265734           -0.003563           -0.000178
2485    0.0000    244.74    5.32    9.25    0.00   70.00    0.00           0.00       47726.71           0.00           0.00        3868.67           0.00   350.78  1531.73   392.77   1.0206   1.2605   0.4011   0.3833   0.1560   0.0333   0.0145  -0.0329  -0.0451  -0.0986   2.1194   1.8077   8.1006   -0.029284    0.0510881.7829213E+14            0.265558           -0.003510           -0.000176
2486    0.0000    244.74    5.32    9.25    0.00   70.00    0.00           0.00       47726.71           0.00           0.00        3868.67           0.00   350.77  1531.73   392.77   1.0206   1.2604   0.4011   0.3834   0.1560   0.0332   0.0146  -0.0329  -0.0451  -0.0986   2.1192   1.8077   8.1006   -0.029673    0.0513471.9077258E+14            0.265382           -0.003457           -0.000173
2487    0.0000    244.74    5.32    9.25    0.00   70.00    0.00           0.00       47726.71           0.00           0.00        3868.67           0.00   350.76  1531.73   392.78   1.0206   1.2602   0.4011   0.3834   0.1560   0.0332   0.0146  -0.0329  -0.0451  -0.0986   2.1191   1.8076   8.1006   -0.030062    0.0516062.0412666E+14            0.265207           -0.003404           -0.000171
2488    0.0000    244.74    5.32    9.25    0.00   70.00    0.00           0.00       47726.71           0.00           0.00        3868.67           0.00   350.75  1531.73   392.79   1.0206   1.2601   0.4011   0.3834   0.1560   0.0332   0.0146  -0.0329  -0.0451  -0.0986   2.1189   1.8076   8.1006   -0.030450    0.0518652.1841553E+14            0.265032           -0.003351           -0.000169
2489    0.0000    244.74    5.32    9.25    0.00   70.00    0.00           0.00       47726.71           0.00           0.00        3868.67           0.00   350.74  1531.73   392.80   1.0206   1.2599   0.4011   0.3834   0.1560   0.0332   0.0146  -0.0329  -0.0451  -0.0986   2.1188   1.8076   8.1006   -0.030837    0.0521222.3370461E+14            0.264857           -0.003298           -0.000167
2490    0.0000    244.74    5.32    9.25    0.00   70.00    0.00           0.00       47726.71           0.00           0.00        3868.67           0.00   350.73  1531.73   392.80   1.0206   1.2598   0.4011   0.3835   0.1560   0.0332   0.0146  -0.0329  -0.0451  -0.0986   2.1187   1.8075   8.1006   -0.031223    0.0523792.5006394E+14            0.264682           -0.003246           -0.000165
2491    0.0000    244.74    5.32    9.25    0.00   70.00    0.00           0.00       47726.71           0.00           0.00        3868.67           0.00   350.72  1531.73   392.81   1.0206   1.2596   0.4011   0.3835   0.1560   0.0332   0.0146  -0.0329  -0.0451  -0.0986   2.1185   1.8075   8.1006   -0.031609    0.0526352.6756841E+14            0.264508           -0.003193           -0.000163
2492    0.0000    244.74    5.32    9.25    0.00   70.00    0.00           0.00       47726.71           0.00           0.00        3868.67           0.00   350.71  1531.73   392.82   1.0206   1.2595   0.4011   0.3835   0.1560   0.0331   0.0146  -0.0329  -0.0451  -0.0986   2.1184   1.8074   8.1006   -0.031993    0.0528912.8629820E+14            0.264334           -0.003141           -0.000161
2493    0.0000    244.74    5.32    9.25    0.00   70.00    0.00           0.00       47726.71           0.00           0.00        3868.67           0.00   350.70  1531.73   392.82   1.0206   1.2593   0.4011   0.3835   0.1560   0.0331   0.0147  -0.0329  -0.0451  -0.0986   2.1183   1.8074   8.1007   -0.032377    0.0531453.0633908E+14            0.264160           -0.003089           -0.000159
2494    0.0000    244.74    5.32    9.25    0.00   70.00    0.00           0.00       47726.71           0.00           0.00        3868.67           0.00   350.69  1531.73   392.83   1.0206   1.2592   0.4011   0.3835   0.1560   0.0331   0.0147  -0.0329  -0.0451  -0.0986   2.1182   1.8073   8.1007   -0.032760    0.0533993.2778281E+14            0.263986           -0.003037           -0.000157
2495    0.0000    244.74    5.32    9.25    0.00   70.00    0.00           0.00       47726.71           0.00           0.00        3868.67           0.00   350.68  1531.73   392.84   1.0206   1.2590   0.4011   0.3836   0.1560   0.0331   0.0147  -0.0329  -0.0451  -0.0986   2.1180   1.8073   8.1007   -0.033143    0.0536523.5072761E+14            0.263813           -0.002986           -0.000155
2496    0.0000    244.74    5.32    9.25    0.00   70.00    0.00           0.00       47726.71           0.00           0.00        3868.67           0.00   350.67  1531.73   392.84   1.0206   1.2589   0.4011   0.3836   0.1560   0.0331   0.0147  -0.0329  -0.0451  -0.0986   2.1179   1.8073   8.1007   -0.033524    0.0539053.7527854E+14            0.263641           -0.002934           -0.000152
2497    0.0000    244.74    5.32    9.25    0.00   70.00    0.00           0.00       47726.71           0.00           0.00        3868.67           0.00   350.66  1531.73   392.85   1.0206   1.2587   0.4011   0.3836   0.1560   0.0330   0.0147  -0.0329  -0.0451  -0.0986   2.1178   1.8072   8.1007   -0.033905    0.0541574.0154804E+14            0.263468           -0.002883           -0.000150
2498    0.0000    244.74    5.32    9.25    0.00   70.00    0.00           0.00       47726.71           0.00           0.00        3868.67           0.00   350.65  1531.73   392.86   1.0206   1.2586   0.4011   0.3836   0.1560   0.0330   0.0147  -0.0329  -0.0451  -0.0986   2.1176   1.8072   8.1007   -0.034285    0.0544084.2965640E+14            0.263296           -0.002831           -0.000148
2499    0.0000    244.74    5.32    9.25    0.00   70.00    0.00           0.00       47726.71           0.00           0.00        3868.67           0.00   350.64  1531.73   392.87   1.0206   1.2584   0.4011   0.3836   0.1560   0.0330   0.0147  -0.0329  -0.0451  -0.0986   2.1175   1.8071   8.1007   -0.034664    0.0546584.5973235E+14            0.263124           -0.002780           -0.000146
2500    0.0000    244.74    5.32    9.25    0.00   70.00    0.00           0.00       47726.71           0.00           0.00        3868.67           0.00   350.63  1531.73   392.87   1.0206   1.2583   0.4011   0.3837   0.1560   0.0330   0.0148  -0.0329  -0.0451  -0.0986   2.1174   1.8071   8.1007    0.000000    0.0000004.9191361E+14            0.262953           -0.002729           -0.000144
